785

0515555551, 05551 1151515555, 15115155 1 440, 442, 445, 459, 496, 519, 535, 545,
015151, 759, 764, 770. 544, 546, 737, 759.

5⁴³ ⁰⁰k (191111 1911111011· 05555511, 055551511, 0555155511, 055·
0511555. 55555,1ὂ155551315151,454. 5551511, 55 0151555511.

05551511, Peter. 1551515 1555511555 55· 0555 (0551100155, 5515151 1515555
155555555, 555555 555 55555555515 1Ε15151,051,659.

md 1190113110 111111 (mmmm Gordon, 15555 (1555515555 0555551551,
(1911111105 3¹4· Robert 4555555555 5115555, 5515151
055555115551511555, 555 5555515, 1 51555 115155555515555111555111·
15555555. 717. 555 med 5151511551 1515 15555155 51

055515155555151555155155 10555515- 1181011111, 8·

1555155155. 05555155155155), 343, 055555551555, 55 05555551.

657, 666, 683, 684. Gothorum Rex, »05555555 155551»,
»0555551555555551 115555555, 55 05555 Κ5511 555 055555, 1 5555515 1ο·
0151555555. 55515515515, 188, 371, 495, 590.

0555111115151118 0110111111 01111115 0551155511 1055555511, Ρ5155, 51555515

»05551510551555055555155»,»05- 1Ρο181 tjen„ 531 533·

‘unes Bemb' ’staterum' 27⁹ 05555 5555511555111 490

99, 30, 58-69, 64, 611, 69, 77, ’ ’ ”’

83, 91, 117, 131131151158, 05515555 1055555555), »5551515555-

159, 1611111, 111, 1111, 111, 1111, sebast» i Uekermark‚ Brundenburg‚

314-316,319,363,455,463,458, 90-

548, 551, 557, 601, 618, 619, 641, Grandem, 5555 1 15555555, 11155155

645, 708, 736, 739, 740, 756. 1151555515555555, 353, 358, 516, 599.

-, derue 51555 1 1151555555, 994. 055515, 5115055511511151555, mellan

05 551 1115515, 1555555115155, 05551155501155555,584.

Η511555, 91555555. 055155 0555, 55151155551555.
5055555155155511555555»1Ρ5555555 11551· 055155, 0151155, 1555 515 0555511155·

555 5115555), 397. 55155 pfl 05555 1155555, 746.
05551 wilhelm, 1555155555, 55 11555555· 05511515 5511115555, 168, 338, 339.

burg. Grelsbyn (0555515), 515 115115 511 1
Georgii, 15555555, 55 51151555155555 0155515115 555, 1155555055, 393.

5155555, 305. 05515555, 0551, 105515515, 0155511505
0551155 11551551, 11555, 1515 0555551· 5τ5, 393.

5151511555610. 0555555555, 55 05555555.

05555 1055555551 0151555555, 555551 0555511511. 555 1 11551555, 5155555 1555
15115155555555, »0555555555 111555, 990.
veut», 151, 115, 933, 934, 943, 0555151105511,1515551555551115551,
948, 950, 272, 555, 549, 558, 555, 499.
555, 555, 555, 555, 040, 650, 197, 5555515, se Grelsbyn.
746, 751, 764, 0551, 05511, 1151555, william, 5551551

- Ρ55555555105155555111, 15155555 555551 515551. 515 15551555551155

1 1115151, 513. 511, 515.
Germania, 55 11511555, 115151555551, 0511555155, 51551 1 655555551555, 330.

11515 5115551155. 055555, 5555 1 vestra 15555555, 55 Ι
Germanicum 55555, 55 1155551115. 155. 055555, 965.

555 0555555, 555 051555, 35555555, 0551, 0555515, stad 15555511555555,

055555, 5551555555 1 115551, 306. prov. 0515555, 609.

0555511555, 55 85555555. 055555 (0555555, 0555555, 0555555,
0151151, „Iohannes 1. Hans. 55515151555 0511555555), 05515, 15115555 1915151,

11155555 155 1030551155, 301. 15555555, 388, 391, 401, 437, 461,
0151155, 055155, 55 055155. 575, 576, 752, 761, 764-766, 768,
0155555555, 05155515 10555555), hol· 770.

155551 5151515555, 763, 768. 05555 1115555155, 51 1 115155551515
01555155, 11555, 5551555 1155, 636. 55551555 15185515 1155555, 745.
0155155555 101155155551551, 5555 515 05555 Werder. 55 1155555.

01555 51155151, 916, 739. 0155555555. 05155515 (0551555155,
05555555, Jacob, jur. dzr, 551115. 5555 055555555551, 1551555555, 15151 offi-

515555 5555515 resident till 1155115· cer. 11515 555 5555515555 1695, 900,
5551 1696, 389, 413, 414, 497, 498, 903, 907. 9089611961.

5551 0555565555 l: 3. 50

 

