778

463, 469, 476, 539, 573, 533, 616. 949, 945, 948, 951, 9539705957,
617, 669, 699. 769 670 006 11670. 958, 979, 975, 990-999, 310, 319
11000006, 0070000 1 (0601077007),16 319» 324· 939» 347⁵ 3⁴5⁶· 432* 437,
-, ,001008ἓ166, 01, 600000000000070 ’ξῇ ᾖξ’ 910· ⁶²³2 ⁶²⁶· 7900791·
000 ι ·
- ,7076077 6000600, 569, 676 110 70 (10061060606, 6000 1001676004.
- ,6000 640, 7000000, 0007010000, »6417600000 140», 00 1111006,
19, 90, 95, 98, 99, 61, 66, 36- 040061160 1407.
40, 59, 55, 57-59, 67, 61, 86, - ,60600 Ρο0700000, 100606676100
90-94, 196, 161-163, 666, ’4659 7110710047, 0177649000 04 170001,
167, 679, 699, 789. 000600 tiu 10700, 464, w, 000,
--, 6000,100 00 60770. 766, 761, 768.
80 17000 11606006, 11606006· -, 110170, 0060 00600 1699 077000160·
17000066060606 0607700407οτοο 600000 110770000
1300οξοἕ0071ἒο4001ἕῶ 19 Oruuzigukattzilsfltarzinntzgkljffi
000 0 0000 a 000 00 00 ι
11007100000001100070. 7407.
1100070010070706,11007100000060·11070 Ηο10006οΗ0000.
8,11111117 1113313471714114161035,1101060000600000οᾘ7010600006000000 077
66, 66, 71-76, 618, 650, 351, 354, 7 60007 07 7707060016017070 700000
658, 384, 390, 391, 407, 416 ,439, »werden (00 1700600) 00007 7600
467, 433, 440, 450. 451. 459, 463, 0 6. »170010οπ0060ηο 1770600000»
464, 460, 463, 486, 487, 490, 499, 160060000060 6011001000 760 046·
496, 516-515, 598, 531-533, 01000700 om 006 70600607 07 00001·
543, 544, 546, 556, 557, 561, 571, 6070 60001· och 6000000607οο (1
577, 579, 567, 599, 536, 609, 691, 0007000 160 11010600006000000 0706
693, 675, 631, 644, 651-654, 664, on 110706 07), 355, 459, 464, 519,
666, 691, 699, 699, 766, 7663 044, 000, 78, 000, 664679, 004, 000,
768 779, 400, 796-779, 779, 797, 749, 040, 004, m, 000, m, 0 0
759-755, 761, 763-766, 763- 1101 140001070601164.
770 110717, 110777, 0706 7 0000. 1101Ιο04139.
,6000 10040000 (60 1100701 0, 6000670061, 00 1101070067.
ffffimgfflnssssgfffffflsseg' 450, 11006οζ10110οῗ0 ίᾱῑηιῗι, ἔὸἱεο10οδζη, 166.
475, 460, 466-488, 493, 568, 546, 055555 506( 04531705οι 1600747, mm
551, 556, 569, 587, 590, 609, 663, 11001006, 606007, 000010000190000000.
694, 799, 765, 767 768.
- ‚borgenknpet{‚ 433, 433. 600000700070, 00 1100007.
- ‚ghor 4000700007, 00 97000060. 1100070060 14007, 00 166006, 7001.

-, 4000704οἯΞοιο 4374904994

439, 609, 640- 649, 1170006000.
766-796, 718, 754. 1100 Ηο000, 00 0060011.
- ,7000 000 1040, 457, 469, 466, 515, 1100000, 900006060100607067606077.
Ἰ5516 531-533, 560, 579, 586, 567, 0161770160, 395.
695, 694 11070οω000,11000,6600000 7040011700
60 47000 71077011606006710000, 766.
ξο0601,170070017707, 64060606,1107600,6006100,60770006000 1 460
011 761.
00001000 17060000, 00 170600ος memus, 00 000 11006.
- 1116070000, 00 1776601000. 117607060οο0, 01000, 0000007000, 00 000
- 9700600 (100070 1100600000), 00 6000000700.
Werder. 1170 700700600, 00 1110 1100700600.
1100600006, 00 000 1107000006. 1170 676670, 00 Ηο00007460000
110 0000, 105010 (6000), 6017404106 660· 61070166 1110700706,11707070600,6070·
0000106077οᾰ 7771 6000100, 60060· 6006, 600700 7 000006 770007,
00000, 345, 746 430, 599, 596, 764, 770.
110 La 60000, 00 60 L· 60000. - ,01000 00 000 6000000700.
110 10 000670, 60006 1700700000, 000006 1110601006, 0000106 070700000,0001 01
0760000006» (000000670οψ) »9016 Βο10701, 341.
600000», 1, 9, 97, 105, 707, 118, 11176ωο0, 400067, 00106 000ίο01, 731.
140,141,151,166,175,919,913,1110004101,οο 7100001601

04607 7

 

