V

1627, 66 61 1 6666616166 1616161666 161 11161(6111161116161 passo. d.
11116166) 111611 2 61161616 616 16666.

Under de 61161611336666 band 0111161161,66661361Α1161011611·
11161666 16116661161 366661 661 poleka 1113616 1616366163 till
11616666 66 1161166666 1616661163, 11111166 1116611161616611 66
111 offentliggjorda 16616166 uf 16661611666666666. 1116116661
1626161161 613 salundu det 6161616 1111166661 116 666 diplomatisku
161111116366 med Camerarius, Bellin, Spem, 11613616 61. fl. 1616666
planen 661 81611366 (1611636666 1 111361 1 Τ161116116, men 66616
66166 plan 61166661, 661 1611616166 fuljt konungen till 1611666,
111116 111361 6616166611 och 161166611636166 6166 ρο16161661611666-
1161661 1611666611136 661661 161 1666 166666666666, 1616666166
’ 1116111. 1626 66111666 616 6661116 1161111666. 116111666116161661
661636611136 8161136 till 6111161 61 «Iuni och 1 11161666 1111 1616166
I 11 Augusti 6. 6. 6666661161661111616116116111161611- under
¹ 6161116661 111611 18 6161161661. Under 166166 1626 och 1166666161
1 11611627 11 (16116116666111366 163616666166166 1 Ρ16116666 och
66 61116 161166611636166 med Polen, 1661366661Ρ16116666 och
61166166 Κ661361613, 6616 613616 16161611 16116661161, men vid
Ἴ 11666 1616111616116661 61166 66 616636 6161161661-1 6116166161
3 1616166 1 61616 1611661-116116 16316116161 - 111116 belysa 1666
1111111163 (161 16116616161666616 366616136161661 iden 61 8161136
11611666 66166 61 11666666. 1111 66666661111161661161116161111616
1611666161, 16111 (16 111 11611 1616161616.

, Au jfumte sjulfva 1161166 61166616131116666161666116361,
1 som belysu i (16161161616166161161166666,11166611166366 36113
11111 1161116666 663. D& 61161611 61111663 (1611366661 6111116 61663-
1 66111161611166616 661 dees 1616116116111161616, 1611113.66161161116
, 1111 6611111131 16161 1163616161661111116,1161116666116166111 1116361
1 16661 16111611 6616116 11666111113616 6116116166,6166161666111161161
= 111 1166611116 ο. 6., 11111166 uppsiittaude 111111661616 tydligen 11611
¹ 1616116, om 66 66 ej 16116161611616661116111161666111. 1161-
611161 hur, 66 1161 16611131, 663111116, (1166111361 1161166 1616166
J 1166116361 finnus i 1161611 16166616 111161111161.

, Till 6161 bedja 6131111166 611 111611 6616661116116616 66-
111116 till 6116 (1616,111116166616116 bref 1116 Axel Oxenstierna
11161636 kunnedom om 666666, 61166 11661361 11116 (111661 under·
1111161161 6166166111 pst 66366 116 (16ρο6616111611611 1 611661111616
expedition, 661 (16 under 66111616666161 16116166, 661 1116111166 (16,

esur 1611611116 1ο11161163, 61ο16 1666166111366 1161666666.

 

