616.
141. 1111 161111 6111611611 von 1161111111, 6111111116111111. 6111113 6
11 «111. 1617 ......................................................................... 444.
146. 1111611116611111113111111 von 1111116161, 1111111. 11111113611111.
1617 .................................................................................... 446.
144. 1111 11311111111611 1 611113ᾱό111 Ρ1111111. 6111113 611111.
1617 .................................................................................... 446.
146. 111111111161111111111. 6161136.11.111.1617 ........................... 447.
146. 111111611111111116113. 6161136.16.111.1617 ......................... 446.
147. 1616166171111111. 6161136161111617 ................................ 446.
146. 6611111161161111161,1631111 1 616113. 6161136. 16 611. 1617.. 466.
146. 1111 611111 61116117), 1161616111 1 6131. 6111113,1116111 11711.
1617 ................................................................................... 466.
166. 1111 11111111 771113161111111111111. 6161136161111617 ......... 461.
161. 1111 Hermon 17111311. 1111111311 1111111617 ............................ 463.
161. 6136616111161 6116111111 61116611. 616113 d. 16 711. 1617 ......... 464.
166. 1111011161161. 6161136111111. 1617 .................................... 466.
164. 1111611111 77111311. 6161136.11.111.1617 ........................... 466.
166. ’1111111111 17111311. 61111136. 14111. 1617 ............................ 466.
166. 1111 (11613 wilhelm, 1111111111 1161116116113. 616113 614111.
1617 .................................................................................... 467.
167. 1111111111 von 6111 6111111161. 616113 d. 14 611. 1617 ............... 466.
166. 16161611 6611111111 7711611. 616113616711. 1617 ................... 469.
166. 1111 Jacob 6166111111. 6161136116111617. ........................... 461.
166. 1111611111611161616113. 61111113 6. 66111. 1617 ....................... 461.
161. 11116161. (1111111111. 6111113 6. 61 6111. 1617. ........................... 461.
161. 1611611111611111116611111616113. 6111113661111. 1617 ....... 464.
166. 1111 Daniel 661111 von 1111611, 13111611111. 616113 6. 6 111111.
1617 .................................................................................... 464.
164. 1111 61611 6611 Lina 17116111 11116631611» 6611 1111663116111161111.
6161136. 7 Febr. 1617 ........................................................ 464.
166. 11611611111111116113. 616113 6. 7 71111. 1617 ......................... 466.
166. 1111 61611 6611 111111 7711611. 6161136. 6 Febr, 1617 ................... 466.
167. 6616616111161611113111711611. 6161136.116161.1617 ....... 466.
166. 11116161. Camerarius. 616113 6. 11 o. 1661111. 1617 .................. 467.
611. 6111111 1111116111111 proposition 1111 1116161311 1 11111111.
166. 761 1611111111 1661111311 1711611. 616113 d. 16 Febr. 1617 476.
176. 16111111 611661, 11111111111. 616113 d. 16 Febr. 1617 ............... 466.
171. 111111161161116116113. 11161136. 16 6661. 1617 ......................... 466.
171. 1161611111 6661116113, 16111111 1616113. 1116113 6. 16 6161. 1617 466.
176. 111111161161111116113. 616113 6. 16 1161. 1617 .......................... 461.
174. 1111311611111111161 Η11111111116,1111111111111166111116113. 61-
11113 6. 16 Febr. 1617 ............................................................ 461.
176. 11616111116111111111 1161111661. 61611361811161, 1617 ......... 461.
176. 1111 11116 6611, 61111111. 616113 6. 16 Febr. 1617 ..................... 466.
177. 1111 Α1611161111161 66111611166. 6111116113 6. 6 11111 1617.... 464.
176. 1111 1116111111 po 61611666 61111 1711661, 611113116111111311. fl.
61111. 111111161136.6111111617 .......................................... 466.
179. 111111661111Κ611316113. 616113 d. 11 11111 1617 ....................... 466.

 

