773

6661161666,3616611666161116666,1161 3611116666 mare, 16 0616661716.

1111110151) 111111111 11100519 1111 3666613616 (3666601616, 30166116,
111117 3113711 111771161061161

47: 48: 52: 551591 9143111318· ’ ’ 36641, 166111616161116161666 1666066161
4011616166, 1611166 1 06161 1111661432. , 33013313,

Momentum-arius, 6616166666116666 1 .., 0,,1, kammuhem, ‘umam

'sym 111011 5131θῦ 3001685310· 1166666663, 66066 616636666666
11606661166166616661366606611663, 1 prmum, 421, ⁴29, 449, 416,

90, 331404· 496, 111, 671, 660, 631, 671,
4616661166, 1616 1111116166. 761-170. ·

- esur J, Β11111111, 131· -·‚ 161666, 1366166, 366666), 666661
ᾸῘΗῙΡΘΜΠΗ, 2⁴⁶3· ³1¹· &ymn- 01666616, 1666660661 31366111
mm, ³⁸9⁸ (11116 von, 1111111111 1617, sedan 6116661611, 111,

666661 116661, 6606661666 1616611116, 140, 3311, 400, 479, 031, 631, 141,

066111 66666161 1016661611, 140, 550, 564, 607, 615, 616, 631, 633,

mm· , mmmfflmmm
16110366601611, 66 1166601611. m, 720, 744, 74311), 761, 762,

Amffl , mwm
4616611066), Δ611166,1661)1661.661ο6 - , han, 133113, 110,

¹ P⁰¹fl1¹ 1110811 4171 ⁰¹¹ 11015713· -, 366 (Pudor), 6116610, 36666666
‚nme 1121572, ,581 586· 1 66666 1611, 66666 tm
·· ΜΝ 171391 631· . 6666611 6116061160 1111 11631660
·· 133115ι 21138101114301111111111 6611 3611660 1 616161 61 1625,
16111606066666166666611611166), 1,,0133 3301013103 doch ln·

1111111516· , 616611, 111, 66, 661, 671,
Auum, 16116666 1111, 61166611 66606160 313, 303, 301, 303,
1111 P⁰¹0¹² 16271 669· -, 366616, 6666611 1116610, ho!-
Augsburginka 1611666366, 882. ,116 ,33331311 (munkalkem), 1636
3666363616 6611316666. gum& 33 ΒΨ, 3330101,
16661606 Princeps, 66 0666166. 103, 113, 133, 313, 313, 133,
mmmmm mwmmmmm
4111ῐί4, ⁸0 0¹20ka 3661,1)6661636·,1Δ6661660661, 42, 47,
16616666, 66 3611 46616666. 03,
11166,1111611161111111111513111· 6111661, 6161 stota Werder. 111.
113111 7⁶7· 36666, 66 06 La 36666,
47111181113341 3611111, 36361, 11663666 1366166163,
3611611, Andrean, 116661, 646. Bartsch. 36166, 163611663666, 664.
360616, 166663 066161 106116, 350. 316 3661661166 (3661611, 016 3661661166),
36066, 06663 Friedrich, 6661366166 66666 1111 7666116611) Bartsch 16616
61 Endon-Durium, 6666361161 har· 6611311666613611116606661161616 nr
161666, 617. 6663616166 1 3666666663), 1161116
36336, 36631, 666661 01666616, 6111· voro 116366 hou 6666616666, 709,
16111666 p& 3166611661 011. 1627, 431, 723, 724.
11733, 588, 584, 659, 743, 767, 763, 3666366111, (lupar, 161636666101616
. 11661, .
3633161660, 3116 Hannon, 6111113666 3666366166, Luem, i 36666666, 677,
p& 1161611663, 142, 143. 704.
3660366116, 66666061666111666661161, 366616 (3660616, 36606616, 366616,
p& Lill· 36606611), 671. 36606666666636611, 61601 Kur-
3610316166,16636661366613,071. 1660, 610661 om 111166, 122,
3611661661, 66 361166. 168, 186, 133, 196, 228, 261-
3610616 (11166166 3610666661611, 6611 263, 272, 274-276, 287, 289,
3661660, 66166 om 111166, 204. 293, 310, 311, 882.
361311, 1361311, 661106106666666 610 - 0666 1611166, 311.
36166166 11611, mellan 36660661613 - 66161061 0166616163, 206, 261
och 3666666613, 6116 106 661161 166116, -263, 274-276, 287, 289.
mm -mmwmmm-
1161166116, 66 3666111166. 193.
3611111666 urbes, 66 3666661106666. 3666666, 66 361666.

 

