1111111111 och 1111133.

sid. 01 rad 11 11111111111111110111 10111110011111.
1 00 1 14 1111111111 1 8[11]111; 1 0[11]111
1 110 1 14111111111011111111111111111111101111111111,01111111111
till 1111110
1 110. [1111 under Nm 100 1111111111001111111111111111 11111111111111
namu 1111111111, 111111111111111 af 11111111111, 111111111111
1011111111111.
1 1091111 10 1111 10111111111111111111; 71111 1711111.
1 101 1 1111111111111111 11110111111111 1 111111111111,
1 177 1 0111111111 1 111111110111Κ11111,1 1111111111, och Kongeu
› 101 1 11 1 1 0111111111 1 1111111111 0111111111.
1 000 1 101111111111(111011111)1101.· 111111111111011011111111111111111·
1111111 101 wanden.
1 010 1 11 111111111111011011 7; 10110111,1’11.,011. 7.
1 001 1 1011111111. 10111111111111 1111111ιὶ011 11111111 1 11111111 1111111111
samllng som 11111 1111111.
1 040 1 0111111111 0011111111 111110οωί111.
1 000 1 0111111111 1 1111111111 1 11111111.
1 001 1 11 1111111111 1 11111 1 11111.
1 0010010111000011011111) 1 Wagner 1 Wegner.
› 000 rad 14 1111111111 (1111111111) 1 1011111111 1 0111111111.
1 070 not. ¹). 0111111111111111 1111111111 vid 111111 11111111 0111111. 11111,
1111111111111111 Ρ11111111 1011101111 1010.
1 410111911111111 0111011111 7011011111.
1 10011111 011 (1110111111) 1 Noot· 1 Nutha.
1 400 1141111111111 1 (11111111 1 (11111111.
1 4001111 0 11111111 1 vare › 1111.
1 007 1 1111111111 1 1010 1 1017
1 010 1 1111111111 1 8111111111 1 sperling.
017 1 11 1 (1111011111) 1 1111111 0111011111 1 110111111111 B.
von 1111111111.
1 008 110 1 1 1111111111 1 1111111111.
1 010 1 4111111111 1 Ηο11 1 11111.
1 000 118 11111111 1 11101101 1 11011111.
1 077 1 0 1 1 1111110111 1 (1111Ηο111.
1 070 1 1111111111.(11110111111) 1 1111111111 1 11111111.
1081 1101111111( 1 )1 4011. 1 41101.
1 700 1 1111111111( 1 )11111“1111111;1111011111011111017.
1 707 1 1111111. 11111111111111110111,111111Ρ.111111111111,1111111(11
1111111111111 111101111111, 11 den brandenburgske 1111111011.

-φ-

 

