779

011166 6166666666, 66 8166666666. 666 06666666, 0661616666 warner

0161666666, 06161, 66 Gardt 0161666666. mmmm 1 P 40914θῦ1 ⁶⁶3· 595·

01666666 (06666666, 0666666616, 066· 06661166 (0661164), 066666, 666, 666·
6666, 01666666), 6166 1 16661· 14666616666166 6661666646, 6666661
26666666, 4 6666166 66166661· 1111 066161 46611 1625, 229, 230, 232,
61666666, -353, 358, 361, 362, 233, 237, 238, 243, 249, 253, 254,
373, 377, 378, 382, 390, 400, 418, 258-268, 164, 274-276, 282, 284-
423, 426, 431, 437, 440, 447, 515, 289.
293» 5²4⁵ 53⁰2 53¹2 549152 ‚555‚ 0666661, 66 0666666.

. 5⁵33: ff: 3ῗὲ 2333 Q: ἓξὲξ {3322 omia (omen, nrum), 6661666666

643, 663, 743, 758, 7666 767, 616 0666, 6616666 06666666, 228.
769, 770, 0666666 (0666661, 06666661), 06616,
-, borgm 6, 664, 766, 616661616116661 1 666666116661,310,

-, radet 1, 646. 490, 491·
—‚ 6141640666 64, 66 66666, 11666. 0661, 66 0666611.
-, D. 61166 146661 616, Dat-ort, 06616661, 66 06616661.
352, 356, 555-571, 573-574. 06666666, 6166666666 1 16666666·
604-637. 1666, 6466 666. 81. Ρ616666666, 35,
01666166, 66 066661. 80, 101, 218.
666 06666666 (0616666666, 0666· 0666, 66 0666
neckar), 1161166666, 6666461666, 6666· 0616611, 4661. 666166 1666666 114661,
6666166666 6666666661 64 1166166· {grim 666 6616666666 1627, 490,
6666 66, 617. .

- 6066166616, 6066166611, 66166 66141· -,(0661),76666, 616666161666666

6616666 64 266616 (66111666 61614 · 114661, 116-118,’ 121.
166 06616661 1.066616611),194,195. 066666661661, 1646 0666166666, 708.

, 0661666, 66 0666166. 666 0666 (0166166), 76666, J. U. 0.,

06666666 066666), 66666661666661111, 6666666666 1 11666, 66666 16611116·
723. 66666461666 666 6666666166 1 (1616·
-, 1166166, 6666666166 61 0.,6616· 6666, 59.
66661666 64 0666666666 1 0666 (0666, 06666, 0 6666),
0660666666 666 64666 64666 66666, 108, 111, 114, 33136140,
16661646616 61666166, 553, ⁵82, 164, 176, 180, 204, 228, 230, 233-
733. 235, 293, 309, 310, 382.
-, Friedrich, 6666666166 61, 16661· 06666666 (06666666, 0666666666),
6616461666 166611666661Ρ6666· 14616 1 66166 616666 616 0666,
666, 733. - 4 6666 66666 6166, 151, 176,
Domini Ordines 1166666166, 66 0666. 3, 309, 672.
66161616666. -, 661416616666 64, 185.
0666116666, 124, 194, 195, 246, 480, 06666, 0661666666, 66 0666.
517, 734, 760, 768. 0666166666, 6166 1 0616666166, 161111
666 066666, 66 06666. 1658 66666 6666166, 708.

“ 06666666666, 6666166 666666 (7), 767. 0616116661, 11166661, administrator 61·
. 06616, 1116661, 11666666 66666, 303. 666 6111161 66661666, 709.
’ 0666616661, 1116661, mongum: 066661, 01666166, 11166666, 14666666

66166166666, 6661611·(1666666·)6Ῐ61666 6666666666, 203, 204.
11116166, 525. 0666611, (16666661, (16661, 66166 61·
066661 (0 1, 06 6166661661111· 661616, 599, 616.
1666, 05,10 ,133,136,140,151, -, 116661, 66166 616661616116661,
156, 160, 168, 175, 178, 180, 244, 6666166, 755.
255-257, 277, 280, 382. -, Friedrich, 616661616116661 1
- , 6666 146, 66 016666, 14666 1. 66166 114661, 572, 584, 586.

0666166, 066666 (0661666, 166666), -, 66166 6616666, 355.

666166 666166 1666666 1111661, 646. 666 0666611 (06666666, 0666616166),

’ 0661666666, 66 11666. 1166666 Ernst, 666166, 66166 61666616,
¹ 066166, christoph. 1646 1111666143. 666161166 (6166661) 64 066661, om·
2 0661166, Heinrich, 1 161616, 515. 66661166666666616666 6666666666 ’
’ 0661166, 66 06661166. 1625, 1626666 1627 106107, 111-
, 06611666, 06166166, 6666666 1 11166, 113, 115, 130, 133, 136, 141, 374, 618,

768. 624. 735-737.

 

