8101111110 (8110101101), landet. 338, Spem, 01101), 11311111 11υο1610110
678. 8111131 0011 11111111 1111 31131110,
81111,1180110]’111. 1111111 11111111, 7, 10, 14, 36,
813111, 111110, 11 8111101011. 32-5322’ 518'5639ffg2ffi' ᾖ
--, 01101, 13110111110, 769. 75: 76, ᾗ, 3'1-{34'50'3Q'1232

Ξῖ 56661101336117ῡ611· och 11111- ¹533: Jssffiffifflw—ffl& 375,

Ξ11ἔε1,0,8ὃ111116ἱθ Ξῗὲ,υὲῧ,ῗτξ77; ”, Jacob, 0111111, 0. y.. 01111011

218, 233, 334, 335, 353, 306, 1111111 1111111, 272, 310.
8311111138 111111 1,0113110110,1111111

81111111, se 8011111111. lupun, 331, , 513, 514, 763.

8103633ἕῖἔῃέωἶὲῖξῗεὲοζῖαξί 133ζὲ von 8311111111, 0111110111111111111111,
mem), 370· ’ 1111110111 01111 1)10110111101,1111111
81011111, Ρ1111, 011111 1 Ρ11011111,546. ffitffi' ,gxt'lssgglffiigfffifffi

810111· 001111001301110131111111111111, 613, m.

411ι 8311131111, 1311111111π humer, 331.

³5¹ Wffihfl· 83111, 10111111, p& 111111 Wertler, 653.
8111111011,11 8111111110. -, 11111, hans 11111, 653.

8111011111, 1110 0111 1011001113, 1625 8311111131, 513.
1111110110οε 1011111111, sedan 1654 ·-, 61001101 (111101, 111100111111,
1111111110, 293, 437. 543-545, 569.

8111111110 (1811111ηο111),111111111110· ’191191101011101111111δῑὸᾶθῐῦθι
1110, 610. 101111011103111111, 10113360101·

8010111105,11 3010116111. - ῗέἂῐνίῖἒὲῃζῖἥ ἓῗέὁτομωᾱ,

301111111Ϊῖ· ⁸⁰ ZOlkfflWffl· ’ 10 111111, 111110111111111 11111111

80111, 80111, 311111 11 11111111 ge· 5, 509, 570, 587-5111- ,
mmmmm& mmm ¹

8011111111, David, 11013111 1 1701111011 11110131011111,1101111113613.

Βοίξξζὲἅῗιιῖἓῖὲἒὲἓὲοω),Μωαω, 801111031100, vid 11161113, 513.

11001111111111111 1 1111111 1111111, 8111111111 ⁰st 1011100110θῖθῦ ὃ( 1211- ¹
173, 11110 11111 1113111), 768. ,

800 , 11111, 61111111161101111, 122, 490, 10111111 1101111111 831111.
517, 518, 616, 764. 83111, 11 11111 1111111011.
von 8013111, 11011110, 111011 1311111 8111106113, 1113011101, Nilo 8111111·
Η11011113, 111110 1625, 7, 210-224, 10110101 11111111, 723. 1
227, 342. 81101 (1811011111), 111011111111 Bre-
Sounowski, 00111 0111111 1 1111111111, men, 11111 111111, 407, 736.
mugen 101 1110111101 1626, 423. 811111011, 1001131111, 278.
8111111111 (Hispania, Hispanus), 1111011, 81131101100 811311011011, 11111111, in·
46, 67, 317, 338, 468, 556, 557, 11111111 8601111111, 50.
669. 81113110 (811131101, 8111311111, 1110 1
-, 111113 IV, konung 11, 338, 406, west-Pronnaea, 1301111 om 1111101110, =
mmmmm. mm 1
-, folket, 1111110111 (His 1111, Iberi), 811111, 11111011 (atui), 3110 1 01111·
363, 473, 556, 666, 7411. 1103101, 1113111131. 311130111131·
-, 0111 1113 (med 1113111101), 470. 110 1111 11131011111110110111111,11111
Jtr Flotta, 6011100111311, Η111· 1111111110 1111101, 11310101111111.111 .
011, 8111011110. natura (1011111111, 11111,0111,11111,10

10118311, 83111,Η11111“111011111,11ρ· 0. sm), men 10101 111111 1111111111

1111, 1101110111 011111111011111111 1 101111 31111110 1’01111111111110011

1111111 1111111. 522, 770. 1111111111 2312381333245, 250-252, ’
831111, 11 Ζ611111. 256, 267, 271, 273, 453 473, 432, 508,
Sparte, 1111 1111111011, 1111110111 1 653, 660, 661, 664, 717, 742—744,

0601031131 1111 1627, 1001111111 765, 766, 768, 763.
1111100137. 81111111 0111001011, se 8111011100 1

-, Per. 1101111111 1111110, 352. 11111 0111111111111111.

 

