810

8611166166, 1611166116 7166116166,
8666166, 66 8116166611. 06666116 16166,866616661661,887.
86616, 1261616, 515. 8111616, 66 selburg.

8166, mid, 6166611 1666611111614. 8161161611(6166161,6666611161,1666161,

Suadet. 66 01666611

8166661611116. 66 861666661616
81661616 266616661161, 66116 6116166·

66116166666166 Jonas 1161116ιί66 1
Κ61661, 320, 321

81666161, 66 8161166.
81666666466616, 66 0661.
81611661
72, 73, 79, 82, 93, 99. 102 107,
109,113-115, 131, 133, 142, 144,
146, 148, 150, 169, 161, 170,
174-176, 181, 184, 188-190,
192, 197, 199, 202, 216, 219, 221,
223, 231, 241, 257, 265, 273,
284-287, 291, 297, 299, 300, 302,
305, 312, 316-319, 324, 332, 333,
338, 345, 359-361, 363, 368, 372,
374, 375, 378-383, 385, 386, 395,
403,404,410,411,417,420,423,438,
439, 443, 447, 463, 473, 474, 490,
495, 513, 547550, 551, 557, 563, 568
-570, 577, 617-621623, 630, 640,
642, 644, 645, 647, 656, 668-676,
682, 687, 689-694, 701, 708, 727,
731, 740, 750, 762, 763, 765, 768
, 16666666 1, 673, 675.
66161611.8666106111Χ,616161
A 611
,1666666166611619-621.
,16116161666161,161,172-174,
202, 261, 360, 371, 379, 432, 476,
520, 619- 622, 624, 628
,614111116161620
, 6116661661116666661, 43, 99, 313,
381-383, 438, 439, 619-622,

673-676, 729, 750.

11166146616,Βε1661666,366·
666116661, 3666616661, 1116116,
3611666116661, 111166, Krigsbe·
16161, Ρ166161616661, 111661, 8116·
116166.

86661 06666661, 66 666616116611616·
1661666161,

86666161 8611661616666, 1616661616,

866166, 66 861166.

8616616111, 66, 2161661611.

86666616, 16166111. 1161616666 8616666,
61611 1 13116666, 6661661 1116 Bir-
666, 148, 149, 203.

866666, 66 86161166.

8666, 66 2666.

8666616611 (8666616611), Jacob, woj·
1611 61 21661, 661611 611 1611661116

666 6166616166 1627, 618, 6241

residentem

— ,1146 8161166, 1666666661816116
6166616 myndlg 16161, 5, 10, 12,
14, 15, 18, 20, 22, 23, 24, 28,
33,,41 44- 46, 51, 52,,.545657,
62, 68, 69, 83, 86, 129, 130,
156-159, 162-164, 167, 178,
274, 278, 294, 307, 309, 316,
336-339, 358, 389, 413, 414, 427,
428, 440, 442, 443, 445, 477, 496,
500-503, 505, 506, 511, 512.
525-527, 535, 537, 590, 644,
645, 713.

-, 616661 166116 agent 1 26166, 66
8661611166.

,1111 8161166 4, 6-8, 11, 13-15,
18, 20, 24, 25, 28, 29, 31, 35-
40, 45, 47, 49, 51, 52, 74, 77,
81-86, 89-95, 1181281130,
131, 135, 140,155-164, 167
177, 180, 198, 226, 294, 299, 307,
314-318, 324, 325328 ,330-
334, 335, 350, 352, 358, 383.
403-408, 419, 424-426, 509,
5,26 527, 535-539, 552, 153, 610,
617, 711, 723, 725, 726, 737-
739, 753-755
-,1141ι 1611616166 61 31666661616,
4,,13 1420, 41, 44, 46, 5174,
81, 86, 89-95, 155,157,160-
163,166,299,324. 325, 328,
330-334, 336, 350, 352, 403-408.
419, 424-426, 509, 536. 539,
552, 553, 711, 735, 753-755.

- ,1111 3166666161 ,1611616166 61
Β, 8, 95, 440,4 ,499,503,505,
506, 511, 535, 537, 590.
Ξ171631146311ἑ1666666 111Βὸ1666.
-,1146 11666611, 84, 89-91,131,
155, 163, 299, 307, 315, 317.

-,1111 11666611, 5, 7, 11-15,18-
20,,242528,2’9,’30,,3133,52.
55, 59, 83, 155, 341.

-, 1146 1166613, 358, 548.

-, 1111 11661116, 358.

-, 1116 11611666, 7, 12,13,14, 19,
20, 25, 28, 29, 31, 44, 47, 48, 52,
55,59,81-85,91,128,135,159-
164, 307, 314-318, 341, 610, 617

- ,1111 31661666, 4, 10, 1314, 41,
4446515254565762
81, 83, 90, 129, 274, 278.
-111,ιι 3161411116,7,11-15.18-
20, 24, 25, 28, 29, 31, 35-40
49, 51, 52, 161.

·-, 1111 1116611116, 4, 13, 90.

 

