xvm

8111.
696. 111111116611616661116111. 1111661166 d. 1686111. 1627 ........................ 662.
994. 1611161111666666661,6616616161116116. [11166666 11. 16116111. 1627 662.
396. 11110161116111611 161616666111. [1116611666. 16 Sept. 1627 666.
696. 1111 1611611 1161161. 1111661166 d. 16 Sept„ 1627 ............................... 666.
997, 1111 11666 Georg von Arnim, 61161616. 16316111601166111111 11. 22
Sept. 1627 ............................................................................. 664.
6911. 1111 1111611 11161113. 1)11661161111.24861)1.1627 ............................ 666.
699. 11116613316116666 111166116666111. 1111666116 d. 2466111. 1621.. 666.
460. 1111116116611111611361. 01166666111886111. 1617........,’ ................ 6117.
611. Konung 061161 11116116 6161111111166361 1 66161116 61111.
401. 1111 Lars Sparte, 6111666116 116616616116116. 11161611116011. 1627 667.
402. 1111 161 (1661666666611 6116666111, 66111616 666 11166116611161111
161116ρί66. 1116111611. 40111. 1627 .......................................... 669.
106. 1111 [11611166 1611 161616666111. 11161611 d. 4 011. 1627 .................. 669.
464. 1111 (16661616161611166 6161166611. 1116111311. 6 011. 1627 ................ 640.
406. 1611611 111666616116,111116661. 1116111ςά. 6 011 1627 ............... 642.
406. 1111 1161111611 Wrangel. 1116111611. 10 011. 1627 .............................. 642.
407. 1111 11666116 1611 1166 Bonam-t, 6661166611 111111 Gener-lauterna.
1111616311. 12 0111. 1621 .......................................................... 646.
466. 1111 Simon 1611 1166661661, 6611116666 11111 (166616111616166. Elbing
d. 12 Okt. 1627 ...................................................................... 644.
469. 1111 161616616116111. 1116161111. 12 011. 1627 .............................. 646.
416. 1111166161611611611. Ι116111611.16011.1627 ................................. 646.
411. 111106111116666110166666166111161111. 1116111311. 16 011. 1627 647.
412. 1111 Hans 1161161, 11616611616 666116666616. 111616611160111627 646.
416. 1111 1161111611 wrangel. 1116111ςά. 1101111617 ............................. 646.
414. 1111 1161111611 Wrangel. 111616311170111627 .............................. 649.
416. 1111 1611611 1611611111. Elblng d. 17 0111. 1627 ............................ 649.
416. 1111111111 Η1111611),611616161611116111. 1116111311. 17 0111. 1627 ......... 666.
417. 8116666161 161 6161116 Neu Miinsterborg‚ 1116166666 666 16161611·
116161. 11161118 (1. 16 0111. 1627 ................................................. 6611.
416. 161 1161111166 von (16106166, 1611116116 1116111311. 18 011. 1627 661.
419. 161611111616161611 von 66116616 1116111116 1111616. 1116111311. 19 011.
1627 ..................................................................................... 661.
420. 161111166106666636111161116611111161113. 11161113 (1. 19 011. 1627 661.
421. 11111616186161111111. 1116111311.19011.1627 .............................. 662.
422, 1111 1161663161» 666 1161666666111161661 p& 111116 11611161. Elbingd.
19 011. 1627 ........................................................................ 666.
426, 1611616166116611,166611663616. 111616ςά. 19 011. 1627 664.
424. 1111 Η616166 Wrangel. 11161611 (1. 19 011. 1627 ............................. 664.
426, 11111161111611 1111111361. 1116111311. 19011. 1627 ............................. 666.
426. 1111 16161661111166. 1111116311. 19 011. 1627 ................................. 166.
427. 1111 1161161611 Wagner, 661366616161611616111-Κ661666616. Elblng
d. 26 (111. 1621 .................................................................... 666.
428. 1111161161] 661161. 1111111111 (1. 20 0111. 1627 .................................... 661.
429. 1111 1411111666 1611 1116111111. 111611161129011. 1627 ...................... 666.
460. 1111166611 1161161. 1116111611. 21 0111. 1617 .................................. 668.
461. 1111 6611666666 61161116666661616616161161. Elbing 1122011. 1627 666.

 

