434

111199. 1193 91911 per 90099109 96119, 091 jag 199, 911 9911191919
199 90991119, och 110119 1991 19111 91991199 hopp och 11991199, 91
911 19 91139, 31119 911991 111119119, deludens iisdem 91111199, eom
19 91911199 111919 91139.

1199111 9911119 11199191 911191 9911119 01191 1911101991, 1919
1191191 Ε. Κ. 111911 badhe 1199919 och 9991919, 1119 jag 199 echrijffu23
ty 9111 191 hijtt 1011191 och jag 91911 troo 111991119, 910919 jug
119199 11119 819119 och 1191911913. och 11919191 919. Aff Elbingen
den 10 «lan. An. 1611.

191199901991.
Α1191911139919 Κο999311, schermiitzler 119 1991 9119193911119-

lupne 99191119 Ε. Κ. 111119 191191 111911991913110011 101191919
1131911, 091 91 19 101191919 1999939191911939 1199119311, vidh
20, 30, mehr och 1919119, 99191193399. 11919999111399 1191991
91311 9991111119391199 71999911] 1 199119191191991

1119 badhe 101 90309 tijdh 919391 911 919191019 1191111911
och 19311 111 199 100 199939919191, 1911191910911 en 11111119-
1991919119. 1119 91191 91311 11199191 99319 91911911119191 1111-
111030, 191911 judicem 1991119, 911 11991 1199199 1991119919 hoo·
9991119111 9119399191119. och 1999 1911119119991911919119111991119,
919119 man 19919 11193999 919001 siju 911119991101111111111919399,
= 9119199399 99999 91001 1199911, 1911019 9911199 byieme 1919111019
uthplundrede, och 9199 19119 91311 91 11999919191199 0991191931
90399 91001 10119911, 1911191911199 91993991919199111111199 99119
91199991 119199091311.

Den 6 1999911] 9191999 Η999 1111993911 9111 919111 90319 ryt-
1919 919001 Ν9999191911, 1191119 191 11191119 pu nogre 1011111919
1099939191 091 11111 1011199191111339, 19399199 00190319 till
11939; aff huilke 1999 1119991, 1911199199 dijt ville 91919 19399
91191 111 9191911 partie, i 1999919311 91119939 119999191911 199 och
111 1111199 113319919 199 1939901191,111119991991191119 919111
sijne 99191191 uthplundratt 9111, 1911911 1191011111 mn och 11991
1119 ville 111919 9111131919, 991191919999990119919 9911911119111919
9111111 9111 11391. 1111911019 919199 om 9911991111Ν911191911 spere
119311 1991 100 13919001 Setthon 199111 10091111911119399999911·
19191, 0911 191 1111111119 Ᾰ19Το111991111901911.11991919119191
1191119 991019910 919 1110139999 999 1119199 161 1931199, och 911919
11119 1911 1 11101199 91191119 1119191901 99199101919991191911199
91191 9111991 dham 1019109999, pn& det 1991991911919011919191
111 1991119191). 0911 1111919919 91311 1911119111 90111919199 1119 1

 

