770

18.
1. H. 101110 Β100011 1001111011, 0111100011 pt 111 113011 1111 Horat„
1. 8011011 1111 1)[0]1011301011110100, 011(11100111010110010101110100101011111

10.
1. 001010110100 1 1101100001311, 111 1110 111011011011101011111111100011
1111101 101 0100011111ωο 0111111111, 1111 11011 Η10111κ111[0]10111010111111.
1. 011011100 1101110, 1111110 11101 dhe 1010 Ηο11001111110 1110000 psum.
1. 1111101001 Ηο1100111111031000 ath 1110111011.

11.

1. 0000100101οο 1 1111100001311, 11111011 111101 0100011 1101001010 1111 1110101
11011 11011001, och 00111111110000.

1. Eidem, 1111111 1111100111· 0103000100, 1001 (1111100010111110110011011111-
per 110111.

11. Eidem. 1111110 3161 siin 0111100111 111000, och 11301 11110100 1 10111.

4. 10001011111110100, 111110 1111010001001001 (1113000100.

0. Η1111 1011103011, 111110 11101 11101101 byy 11111110 1111, 011 dhe 60 1011001101]
111111 1100001 0113101111 111101.

11.
l. 1101111111 101 01011010 1101011111111101011011 1111 1101111101111111101011, 111110
311001 110οο01 Spartans 0001013010.
1. 1010001011 1111 0011011101 1111 1000111 1110111100, 1111010010101101111
100 der 8011111011 1400 11101101101000 1110011111 01101 110111.

11.

1 1011010111111101011, 111110 31011110 11111 1001111 111000 111111 notat.

2. 0000101101011 1 11111100001311, 11 1110 0011111101 [1111011011 1001100310
100 130001 011011 (0110110311) 0011 malm 0011 1101101 11111 1100 1111011111,
och 111011 (1111, (10111300101 11 1111, 00310 01101.

11. 10110111 1111011100, 111110 0011111101 1111011 medh 100 110001· 011011; 0111
nt 1110 01111111 11101111 11111, 11100001 10011, 11011111 1100 1001111 10111011 1111101.

4. 1011000011111010010101.

1. 10101101οη00 pst 1030011011 00110010111101ηο11111010301101101100, 1101 dhe
10110101, 1111 (101 00310 (10311 11100101, 1101111 0010110111.

11.

1. 110301110 8001011110, pm 1111 11110011.

2. 0000100101εο 1 111000001311, 11 11111 11110101000111111111100010101
101101 10111 10110000 10311,11111011001 11010111 01101101001111 110101111301.

11. 1100011011οο pst 1113001011, 11 1110 1110110110101.11111101οο310 1111311
0111101101, 111 0011 underholldh.

1. 100110111111101011, 11 han (1110000111 0101111 10000100 1111 brnen 11111
Ηο11111111030 och det nongento 11011110, och 11301, 11011111 100111, 11011
1111100001311.

10.

1. 010011100 Alexander 1101110, 01 honum 100001 1111 111010 0100111010010
01110100 3003111 110330 11101111 1100 1011110101, och 11011 tn 1001001011
011011 111 han 11111101 11101 1100110 11th3 1111110 3110111011 0101101
10111001 (1011013001.

 

