776

6116616113, 1111661111 1, 11 Haste· 61111, 11616111.
661166,116661. 6661111, 66616, 1666116 1166 116616

611661661613, 11661611 166111 Tysk· 1111116562·
ff, 0666111116 116661), 216, 3011111111 (8661161111

-,1]11 11661661, 1666631611, 82,

-,111111111-6611, benig 11, eu· 311. 34⁰-
1111 166111 111361, 6. -, 11116111 V, 1. 6 166663 11161·

6111, ww& 6, 12-14, 24, 28, 19110139 1146Ρῖ217111 {fs-513. ἐξ ξθ.
111181, azam, 10, 93. 6616611616311-112

166 6116116, 61111111616611111161· 3261393·
111, 16661666 1111 61111166 1626, -11111111111311 1
886-889. -,611116116, f. 6. 616116163 11,

6111616.66111,1161161111611111611, 11011111 ¹7³ 60111111 11160111111· 1
4211430, 764, 11111 11 11631166, 129. 1

6111163, 111611 6111661, 6661627, (7 = ⁸⁰ “Vffl F5¹h⁸¹¹d¹5¹¹8⁸12 8511111·
6111111631, 1616 6611 11 16161111 buda ¹
med 81366661 11161111 von 61111163, 3262211 ⁸⁰ 30811θῦ1168θῆ Ffflffld· 1

u 116611111111161610161627), Bssssssflfih nguffiund
ι 7 “
61111 (6111166, 611116), 1116 166116,
16611616 76616, 6611 1711611111, 618, 011111, 11 61111116.
624. 011111 1011111), 1116 1 1111611111, 4oe

6116113116, Paul, 1 61161116, 111116 166 0116166166,1161111616116101116·
(1166161 6616611131, 764, 766. 6166, 1111166166, 61116611), rm·

6111111, 11611661, 1166 6116616113, 6611111 1 111611 111611, 1111111316
480. 61111111, 608, 614.

6111161, 11 111361. 01111, 11 61111.

6111166111, 61111661661, 11 6631166. 011611, 11 1111611.

616, 166116 1 7616111661113,1·11661· 0161111161,1166111,1161611111111116,
66161 116, 768. 1166 1626 111611 11116161 1 6113,

61 61611116 (61611116), Pleno, 116· 10,14, 16,22,11,40,42,11,61,10,
116, 1161161111 611611111611116611, 70, 71, 74-77, 81, 126, 177, 178181,
747, 748. 182, 214, 216, 121, 807, 808, 814-

6166161131,116116616113. 818, 323, 330, 840, 157, 371, 876,

616616111111166,116116616611113. 880, 881, 118, 136, 161, 468, 417,

61611116, 11 61 61611116. 477, 646.

61111111 (61611611), 6611661116 1 her· 0161616, 1116 1 6161116666116, ὤ,
11366611 6116161, 1616111 171611· 824, 881, 882.

11661161, 669. -, 61116611111111666 11611111186.

6661163616 (66116316), (116131711- 101611111161, 11011616166111166.
11111, 1631111 11111616, 1611111, 841, 0166111, 016611, 61161166, 161111666-
692. 6161 1166 6661316111. Δ. oxen-

6611111 (66111116), 661111, 16661666· 11111611 1161111111», 476, 666, 668
1111, 264, 266. 0611116, 0111111111 6111116.

6616111116, 11 66161111. 0111 ΙΧ,166663118111131,104,174,

Bure, 6611161, 66611, 11111161111, 202, 260, 879, 620-622.

111611 13161 1611116 1111661111 0111, 6116111 161111, 11 771111.
1626, 221-223-226, . 0111 11161166, 761.
66 11111116, 11611611, 1 1116166613, 0111 66111611661116116116 Alexander
Leolioo tenemento, 668.

66116161, 661161616611116611311111 61 011611116, 01161116, Eustachium
0116111116166611611166111616117716· 116116 1 11161111161 116611111-
666. Dat-ort 802. 616316 1 6116616113, 1482, 523.

Butler, 11611, 611111111 66111 111611, 610, 641, 762.

616, 681, 699. 01161116, Lm 6 i, 1611161111»

6616611616 (6611661616), wilhelm, 111· 6611111, 760, 761.

166611 16111616, 164. 0111161111, 0161616661, 6111111716·

6166611(6166611,611116111116166116, 616, 808.

66 1111111166, 116 0611611, 1661166 0111116111, 11 66116111.
11661111, 618, 624. 611 6111116111. 011161, 11111161.

 

