774

811111, 1111111131ᾱό113,407. 8311111131, 13 811311 8111111131.
-,1111111111, kartam 11111· Bemlde, by 11 Stoa 1111111665
ΝΜ), 71295 296, 41η, 831111111111111131111131, 1311131111
-,1,,,,,1,,,,,,,,1,1111, 1111111111111111111113·

-, kunnrdigheten 1, 1, 133. 1111461531, b30. 631
-,1ῃ,),),,11,11,,93,41ῃ, - 1111111111 1113 17111131), 6³0,

111 8111113111, Simon, 1111331113111 ⁰⁶⁵·

m„ Mffldelburgh, deputem 11, 83111313111,13811131>11.

23111111, 1111111111 1111 0313111111· 81111131 (831111111111)811131,13813
13111 111 111111 11311311118131111 benbutgen.

och Polen‚ 1111111113111111111 11111,οῆ ,0 Bychw

813131, Andrias, 13111111113 1 Am· ss

111311 11311111 127, 548, 144, 699,

722. 83 3311 11111811131111. ΜΝ, ,ΜΘΝ mn Gener-htv ,
sur Book, 83111111, 1111111311111, tem ,11 Μὴ, fred mellmgmlg, 3

ἓῗηῶιξατο 1131 111111111111181111, 001, Pom, 548, 8,, mk unde, Sin·
2 · debud.

B⁶¹i0ffl2 ὅθ 1381018· Ridet, 11131 111111, 11111113, 121, 520, 1

831111, Friedrich 131, 1 21311111, 630. 521.

Belgium, 11 83111111. 813113, mlo, till 8111110,111113113,1111·

831111, 0111111111 131(831111111),8111· 111, 11111111 1 81111111, 348, 731,
(1318111111 3313113111, 1111133111 711.

1111 811111181111111 8111131831 81311111, 8113111, Hans, borgm 1111
land, 81111111 33181111111131624- 113113, 11131113 111111118113, 605,
1625, 4, 7, 13, 14, 11, 16, 31, 41, 41, 331.

44, 46, 51, 52, 56, 62, 74, 76 81, 90, 8131131111 Bychow.

31, 131, 134, 133, 163-162,191,311. 1111111111.

8313111311, 1111111, 8131 1111 131111 von 8111113111,13 von 8113111).
811111, 111131 1111 81118113 och 811131113113111118111311131.
8311111 1622, 218. 811311, 13 81311111.

von 8111111), 131811111111181111311, 811131 (811131, 8111131, 3811111», 811·

· 8311111, 131111 1131111, 1111111011 nun), 1111 1 81111131, 111111.
1 113111 111111, 402, 613, 651, 763. 831113, 8111111111 1111111,

83113111, 13 8311111111. 11311111 111131 (1111825,116,1 ,

8311111131, 13 1131 831111131. 184, 140, 141, 144, 146,147,151,

83131111 181131111131311111,11111111· 152, 156, 157, 165, 168,170,176,

1111111, 761. 178-180, 189, 204, 225, 228,
-,11111 111, (13111111 von Uagam, 240, 243-245, 248, 250-232,
761. 256, 257, 265, 276-278,282,298, ’

83111111, 0111, 8311113 1 2131111111, 521, 302, 310-312, 382, 475.

689. ’ - 1131113 8311111111131131, 148

Βεέξΐηὲἓὲ, Menon, 111 1 1731111111, - {ronahe 1311111111131 pt, 13

, . 31131. A

Bergman (Bergkman), Peter, 8111131· - lutet vid 8., 1111311149-191.

ξὲἱςζ11111η111111111 811111, 720, Biskopndomot (ἱ 21111131), 13111131·
(). 11111.

8311111111,1131111111113113111118111· 8111311111, 81113111111, by 1 81311
land, 35, 80, 101, 105, 195. Werder i 21111131, 422, 4 , 491.

8313118111, 268. 8161111311, 1121131813111131.

83111111131 1 8131133, 675. 81311111 (8313111111, byi Belga-6 11,

831111, stad 1 Brundenburg, 3, 157, 11111111118311111111111387.
831, 407, 408. 8111111111, by 111 1731131 (1), 150.

8311111111 (83183111111131111,3111111 811 1133131131 1 1131111 hiron (1111
13131111 1 81111111, 766. 81113 83 111311»,11(1111311311,335,

83113111 (8311311111, 811131), 11311 1 400, 531, 2.

11131111 1111111, 111131 non· om 8331113111,8311111311111111118111,
01111, 111, 134, 140,156,175,178, 480.

180, 235, 240-243, 246, 250, 251, 83131111, 13 88111111. ,
254, 257-259, 268, 271, 272, 277- 83111131,(811111118311131111111111
280, 282, 290, 310, 432, 437, 441. dle Nehrung, 1131111 1111111 001!
Dat-ort 289. Haupt, 625.

 

