766

10.
1. 11111111 111 11111 Johnson, 113111111111111,1110111111111111110
111111 11111 och 710 11111111111111.
1. 111131111111181111111 ’11111111 111 1111111111 111111 1101111111111111.

11.
1. 1101111111, 1111111111, 111111 1111 311111111111111 111 11111111 1111111
11111 111111111111 1111111111 11111 1111111311.

11.

1. 1111111111 1111 1111111 81111111111113111111 1111111111, 111 1111111111
11111 11111111 [οι Jacob von 1118111111]1Η111111131 1000 1111111111

. 11111111, 14 111311111111111111.

1. (11111111ο111 opst 111111111131, 11 111 1111111111111011111111111111
1111111111 11111 lenter 1131.
17.

1. 1111 1111111 1 1111113111111,Η111111111111111, 1111111111 161 1111111111 pt
10 1111111111 11111.

18.

l. ὀ11111111111111111111 11111 11133, 111111 1111131 (11111111111111 111
1111111 1111 Ρ1111111 1111113111, 111 111111 (111 under 1111111111, 111 11
111 111111 1111111 Κ11311 11111 1111 1111111 medh 11111

1. Vexellbreeff 1111 1111111 81111111 1111 Andre· 1113113111,11111111111
111 11131111 11111111 1 1111111311,11111111111111311111[11111111111],

1000 1111111111. 2⁰

1. vexellbreet 1111 11111111 11111111 1111111111 1111311311, 11 1111111111 111
11131111 1ὃρι111 1Η11111131,1,1ο111111111113111, 3000 1111111111.

11,
1. 111111111111111111, 11111 p& 1111 1111, 11 1111 111 311, det 111 111111
1111111111 1311113111 111 1111111; 111 011111111111 1111 1111111111 (111,

som 3111111 1111111111 1111111111 111111, 111111 113311 1111111111 11311111

111 1111111 11Ηό31111; 1111111 11111111311311 8111111111 311111.

1. (111111111111 1 111111111131, 111 111 113311 p& 111111 pfl 11631111 111
1111113111 111111 flijt 1111111111, 111 111 111 11131 11111111, 111 1111111111
11111 11113111.

24.

1. 1111111111 1ὂ1 111331111111111 11111111 81111111,11111111111 1111111111

1. 11111, 111 11113111 1 Η1111111311, 1000 1111111111, 11 (11311 11111

nicht.
11.

¹ 1. 111111111111111111, 11111, 1111111 11111311 111, (111 11111111 11111 Dame-
rowsohe 1111 1111111111 man dher 111 11111111 med 111 1111111111111
tentarat, 111 1111111111111111 honom 11111111, doch 11111111111111
111111 1111111 1111111 11 [111] 111111113111111111111111111111 11111· g

11111111 11131111, 111 1111111111111 16111.

26.

1. 1111111111 1111 11133111111 1111 11111111 81111111, 11 111 1111111111
1111111111 111 111111,111 1113111111111111311000111111111111, 14 (11311
111111 111111,

 

