797

110077 1110707771, 11οο77017, 11707767, 11707700, 77 ,10777 11107700, Lars 11107·
1 Lemo 770,1601777,Ι)71.·771,760. 700.

11077717, 77 1176770. ..‚ per, ,Β Um

1401411680 M⁰¹1⁸²¹ti¹²⁸· 11771777 1171767700, 10007 pst 1777717·

1107717770, 1107706770, Andreas, 77 hum) 1 malm. 751'
118767166607007707710, 1777077176 kfip. ζέῗθῦθῧῡῦνθθ 0814Μ411οΠ81011 ι
man, ⁴61. 7 (11777, 1177107, 110071 07070111

»11077077117717177771777,1077606070, (fich, 111147010, 8101187 1911118111 110
s preumn, 770⁸ rytterlet, 200, 203, 207, 208, 363,
1107070, 0677177 17110το701077), gene· 4464904111.
771 01777700717176111117170171777 1111 1176770 (1176770, 11077717), 407.
6077770070 71 1170777771, 739. -, 0777 10770777, 67.
4401077 111Ῑῦ97 ⁸⁰ 019114θῦ· 71177177 1110071767, 77117071111767717·
1107067701, 1107767717, 1107706770777· son,
07777, 10077770 i Pronnaea, 388, 461.

110700070, 77 1106700070, - Ρ7107, 77 Ρ7177.

Moschus, 3730811111, 118117007711,77 6861077670.

11071777 1110717001, stad i Ryssland‚ 4491977 44984077 (3891191 47θῦ8181οΠ
330 077071177077 0007 ι 1177717707 stu,

1177171777, 7170 1 Ρο170100117771700, 5100190101 16831180.

μγ, 11011170, 143‚14ss‚ 1401710153, 6187077, 007771 710011, 170711, 355.
156, 165, 173, 175176, 1791801116, 4400411080 14717177-
muhammat, ,θ mmmmm, 11017 mellan 77707177 076 7170717170·
110076700771, 110076700771, 071 1 077· nqutrna. sym 011175-
{gigo-1133& 17167070, mest-Pronnaea, ““ ’Ξῦξθὲἓῦἕ 0111, 1313, 15, 20. 74,
1100017, 100777, 1771 077071177077 “ mellan 819118810001100148001·

ξξέωῇἔ 1670017070) 011101· &HQ lllgglllffalssghfflffi
-,11707,717761117771718770076770 186-101, 196, 197, 204, 361-
1 (777. 7671, 777, 777. 777, 777, 363· 315, 303-3752. 439, 474. 601.
777, 777, 777, 602. 618-021, 720, 721, 1311,

11770707171100700, 77 1100170. 752-755·

1107767700 11107770, 1107176700, 110· 11777107, 30670, 0770. dn. sedan 1605
71001,’16οω77,817777777106700067707 7770717 60117071, 386, 762.
7707077010, 400, 431, 690, 709, 758, 117777(7177117701,71701100770701700,

Musketerare, 116-118, 140, 310, 354, 118, 234, 305, 306, 337.

368, 434, 435, 451482, 483, 532, 538, 3707717006, 117077170οῐ, 1170771777·
550, 572, 586, 607, 609, 615, 767, 07707, 77 070777171717707, 11011700.

11071077, 77 11071777. 0707711000 0671011717,

1107770,1177100,771107767071). 117077·1167071ς7 17717777 1 ’1071717770

8061077670, 110117007711, 1108700776, 1711707007 0177010771, 67.
ort 1 1111700, 77777 [111077 011000, 117077 8776770, 117077 8706717177 17777-
140, 231. 7777 1787770017 1017710771, 296,

11111177, Friedrich, ombud 17170 0017177 298.

600017777177, 115. -, (1777 1077177, 163.
-, Η7107176, 17777 070710, 654. -, 70817 71 07771077177 (7170077),
·-, 10670 Baptista, 6070777 11170· 30, 21, 23, 24, 25, 28. 30, 31, 40,
71717070, 1. 55, 91, 161.

110071776770, 77 11701100717717770. 1170710070, 77 1117077000.

110771,771717600010100,8000770101. Nehrung‚ die 1117777707, 67710070,

1100170771777777 1770077, 748. 1176710070, 1177000, 6177100777),

1101771, 481, 482, 484, 510, 6071770777111’771·Ρ7707770;

1171670077 (1101167700777), 30670 Ba· i 7110770671, 532.

0777 0007, 1 1110717777 uzu, 17717070- -, 07071077 11767000 17107017 Dan·
17007170657. 1177707771, 1071770770 0170·
10007717, 77 1100717. 10707011070710 17017007 077-
11007 8170777700, 077177 Jacob De 17 070 71 07176771, 382, 394, 401,
0770177 10007, 320. 478, 581, 592, 701, 721.
- 6171707700, 77 Palm. -,600077,1777710777 07701, 487.

 

