798

1701110ος, 31100001701110111,110111110110 171010, 0011100110, 9.
0100161 17110000 Ηο11, 351, 382, 1710001113, 1711001011 (Nienburgum),
394, 546, 533, 762, 763. 01011 1111 1170101, 1 Braunochweig, 00
-, 11101 11010111, 677. 1 prov. Ηο000101, 407, 739.

8000010011, 00 1701110111. 4710117178, ⁸0 ΚΘ7110711711·

170111 1171111100), 011 1 1701111011, 0110 ΜΝ 0131993199*οὓ smmum·

1110101010 1110000, 00111001 001 811- Nil-⁸· Affissffi‘ ἐἰ ζξῦᾚίξὶῗέ
Μ’ llss' Μ’ 180’ Μ’ - Μ10110000010,77710110111101101

Ν8710881Ν171Π8οῐ1, ⁸0 Nehfflflss· 17110 11100000 80110, 110111 1111-
170000111010, 1101011011, 1 1116100171, 528. 10101010), 710.
Neuenbmg (ffijenbergq, 0,, 1 ww. 17110000, 00 1111011 17110000,Η11110 17111·

Ρ1001100,ρ1 1701001010 100110 strand, ⁸⁰¹¹· ,

&Han 110110 0011 0101111000, 516, Νᾞῦῗέὲῗῡέὀῧψ1018110818, 1637 ⁸1³¹·
Negffif 1 11501111111.01011111
17001111 (1701000010), 011 1170111011, 1 ζίῗςίοθῖηἶάιςξῗὲῗῶὀἶῠὲῐηιῗῗὲιέἵ

708θῦ mellan [³¹8⁸ ⁰0¹³ fflmfl’ 1f5· 01110711 511111 00101100 ,10ξο11010 0011
170011011οε11 1171110000), 01011 och 1101 1111110206.

00111 11110011, 0110 0110000 1001 17111108, 10 1711111011οο territorium.

1110010011,151,175. 1711001110 110, 00111001 11101 171100,
Neummk, by 1 maggen, Stuhm, om. 01011 1 11110011, 1111101001 7700000124.

rade, 454Ι 17011017010100111101000 3161010001011,

1700100111 (3000010010), 60110 (10100 af ξξᾶἱίζῗῗὲξ7517ἐῖἵᾞὲῗῦἷωὲξί30ῗέ

3100110060111, med 11311110 011010 Μ 391, 467, 5161 534¹

thVUdm‘ ⁸³3· Novgorod (Nougorod‚ 1700011011, 1700·

1700000110, 1711010110, 111000 1111011· gssrdhen) 31010,οη(111110010011,

010 0010110110 011010, 119, 263. 142, 337,

1700 110001010011, by 11 81011 1701- -, 1101001100 (1110101101, 337.
der, 0611010111 8010101110, 1150. 1701110160, »170110 sion» 101010 001100-
17011101011 (3000010103, 170010101117011· 1110111111, 10, 47, 160, 433.
110111. stad 11 81011 77011101, 1701111011 (8011100010), 173, 213.
434-436, 450, 453, 665. von der 1101110 (von (10117001, 17011100,
-, 111101 1, 613. 1145. 17011), 3000111Ηο011,0110111010]“10101
30010101010110111(17000010101101101111, by 1 010011 111001, sedan 011010101627
pa 81010 17011101, 435. 1000006001 1 (1111101161, 430, 522.
170011111101, 161 000011, 358, 556, 602. 614, 707, 721, m.
— 101 1101101111, 87, 199, 233, 249, 170100000111,01011111017011101,60101
260-263. 265, 267, 269, 274- om 0011000011653.
277, 284-290, 293, 366, 367. 1701000100010, 10 1701011101.
- 101 8601105011, 364, 365, 383, 1701011101, 01011 1 guv. (1101100, 11110·
389, 396, 404, 409, 413-415, 11011, 1111110 11011100 med 01701010·
419, 428, 433, 440, 442, 471, 477, 100110», 146.
486, 492, 495-503, 505, 507, 511, 1701ςο (1701101111, 5, 708.
(ἐξ, 526, 535-537, 553, 583, 590, 17100, 1014ἒί11 110100 10100101 11110010
. 111100, .
- fer 110111ρά0001 Ρ1000000, 294, 17111010010170111110000.
389, 404. 405, 409, 413, 419, 433, 1711110101, 11111 18101110, 8011011000·
440, 442, 458, 477, 498-506, 11011,9,112,150.
509-511, 535, 590. 1710110110, 00 1700ιο10110.
17011001οἰ00, 1700101011, 1701111011, 10 17101011, 11111 1 winland, 81 11100010
1700101011. 110, 305.
1101001010, 10 1700101. 1101011, 306,
17101011101110 (1711100111011001, 01 1 1710110100, 1711101100, 17110000017011·
»aio 11001001», 0011 0101101101, 1. rung.
1711111000οε17101101000 (›Nedringen›), 17110100, 00 170111.
11111011 vid 1701011001, 607, 613, 742. 1761011010, 11111 11010101010011, 1111·
1710601110111,17100011101100, 00 1101111011. 11111110 pk, 00 Bagghufvud.

Ι

 

