Bihang

Ι. Fbrteckning 1 bref 11111 Α1101011000110100,16101101180111111
1000031100101Α11011, 11011 1616 00111611.

1111101611.
1101011111.
*1. 1110011011 1 00011010011011111101011.0011 1101111001 1101110011)
4. 1111 1111111111 0101110110 0001111010,1111010110 0011111110 011 deliberem 0111
Ρο10101011110[1]1 0111111011ᾱο 00110011011101101.
6. 1100110111301111 1111 1111101011.
11. 1101111111 11101111 0000111 11110111 01 11001100, 001111010111111,00111110111
11111010 00010101 11111.
*11 1101101 011 00110110 11131101101 111101 11010100 inge 001110 tn 01 bund-
11101100.
18. 1111 11101101 101001001011 1101101 0111ος1 1011101 1111111 1111111011 111111ος00
0110011131. ¹)
10. 1101000110 001 11101110 11011001 [02 11000ὴο1001] 11100110 010 01110 girda.
11. Domz execution 1110111001,10111 0011110111011111101110011100101. Bela-
1100 0111 01111100 1111011011. 1111111101οη 1 10100110001111111 14110100
thes lnnehold.
Decemb.
4. 1101111011 170111 61101 11101010. 1100110111 11111010 0011111 110οω001111
. 1011101 11111 11111111ος00.

Ato 1627.
1 1011. 0111 0111100111 1111011011)
*111011
111 11110.

1 Febr.

1 Aprilis. H. (100110101001 101001100110 0111 111110111111111110100301100.
16 April. 0111 1111110100.
11 April. Om krlgzstaton.

11111111. 001 11110010100.

*1 Mali. 010 1111110 01001 0110010 1010101100 011101 1001031101110101111001110·
311100 0011 1101 00011011101. och 010 Ρ1101010 (1010111001 den 11 April
01010111110 11001ομ111111. 0111 111311101011.

11 De med ¹⁸ 1110111110 1101101 1 11011111 och 1110 10101110 1 110110110οᾱ.

²) 800010 delen 01 011 bref 1111 10110ος00 01 d. 18 1101. 111 01101011
01011111011111 1000001 1110111 01100 1111. 106 ff.

³) 1 00 11110010103110101 det: 1110001101, 11011 alle 11101100 001 0111100011
1111111011, och 11001111 1101 vijdh 0011 01 dependeret.»

 

