616.
611. 101610161011 101 60 1100011 1606060600 6111611011οᾱ, Febr.
. 1626.
166. 1111 11111010110 606111 01110111. 860016010 d. 6 ,1011 1626 ............ 610.
176. 1111 Andura 81001000, 01011111 1001161Η111161110. 8600160101 d. 7 6011
1626 .................................................................................... 611.
171. 1111 Auden 61000100. 8600160101 d. 7 6011 1626 .......................... 616.
172. 1600101101 161 11111 6111000, 160010 1660016010. 8600160106.
6111111 1626 ............................................................................ 611.
176. 11611001116600. fibo d. 26 ,1011 1626 ...................................... 611.
611. Bulla 06 01101601110111000.
111. 1111111110111011111. 111 d. 1 Aug. 1111 .............................. 111.
176. 1111 Gustus 01111100 Hom, 61101160. 111011. 6 600. 1666 ............... 618.
176. Til] 6106601110 6111111 1110000111. 1111110 d. 66100. 1626 ................ 616.
177. 1111 1111101011010600011110111. 111110 6. 61 Aug. 1666 ................ 666.
176. 1111 Gardt 0111061100. 01100610 d. 168006. 1616 ........................ 666.
179. 1111 0061101 0011111100 0100111οτ01 (6), 1111166. 1110006010 6.
11 8001. 1626 ......................................................................... 666.
166. 1111 1110111011 von 11101006010. 6011006010 6. 16111 8006. 16116...... 666.
161. 1111 6001011101 6000100111, 10111 06011101101. 660106 116011·
00611011. 17 Sept. 1626 .......................................................... 666.
162. 11116061. 0100111101. 61111ου6010 6, 26 8001. 1616 .................... 667.
186. 1111 010611061οο 11101006010. 6110106116 1601066600. 1666666.
161. 1111600100110160100110111. 61010111611011011.266006.1666...666.
186. 1111600100100160100100011. 6601061111 1111001116. 1 Okt. 1626... 661.
166. 11000111] 161 1101016,6110116016110106,006 161110 806101, 10110·
1011110. 6101061161111001066011.1626 ............................. 662.
167. 1111 Ηο00100 600001, 60100601110 111061666601016010. 1111100·
11101.1 011. 1111 ............................................................... 111.
166. 16106606001101111010, 601006061101 Κο010601·Κὸ01006110. 6110106
116 1110100601οᾶ. 4 016. 1616 ............................................... 661.
166. 1111 6001011100 6000100111. 610106116111100106.6016.1626666.
166. 1111060100111111110111. 61010611611110010 (1.6016. 1666 ....... 666.
161. 60001111161110 1066 006 161110 816101. 610106116 11110010 d.
6 ff) 011. 1666. ....................................................................... 667.
111. 8111110110 1160 1066 006 816101 116. 7 016. 1626611160
001110 100010111101111.
162. 'ml 100611110 Pauli, 611001016101006. 6110106116 11110010 d. 6 016.
1626 ...................................................................................... 666.
166. 1111600101110160110100111. 660106116111100106.160161666676.
161. 6011106101 161 600 001010 11011010 006 61010061001010011101. 6110106
116 11110010 d. 11 016. 1666 ................................................ 671.
166. 1111600101110160100010111. 6110106116 1111001116. 11 011. 1626 671.
166. 1111 600000110160110100111. 6110106116 11110010 d. 16 016. 1626 671.
167. 1111 6001001101 6000110111 6110106116 1111100106. 11 016. 1666 676.
166. 11116061. 0100111101. 6110106 116 11110010 d. 18 016. 1626 ........ 676.
166. 1111 Jacob 60000. 6601011161111011111 d. 18 016. 1626 ............... 676.
166. 1111 600101110160010110111. 660106 vid 11οο610 6. 16 016. 1666.. 676.
661. 1111 6001001100611100011111. 660106116110061116.16016.1626..671.

 

