391

8880118 80 ph 18808181) 50 1188181 111 803811 1111818181), som 881811
80181188 1118801118 81101188 11838 811 16 88111811 111181, 8810111880
1118811118 888 08 11188081; 1888 81181 1108081888 88381 8181181088 1188-
088 111 4000 man. 8801181111811 88001088 8811881180118 183811,
11811118 1188088 1111 (311181081388110011011011181311138808111
2 801181, och 118ον81· 8801188 1183108801 813 1111Β1818118800188, 11818
881 1111188018 0111, som 8881810138 1880818181880118811818818·
1111801, 3000 1888 1 818, och 001 1111881111 12 comp. sperrytter,
ded 001138 1188888181. 0811 0888 88111818 1181111188 80 8818111138
8818 Ρ81ο1811, aff 8818111138 88010111811,818188111181188811813
18011 Μ8811188118 31811888; och 1811801 881188 80 88 118111 1818
1818811 11111111 Ρ80811811, aff en 118111811881811111881111. Ην8011011818
1 888183 0111, 31018111101188 1880.

111181 811 88 1838 visse 188081818111801188118118881088
1881131811 11180118 11, och vij 0011111 finge 11188081, 811 118888ρ81811
818118 118088 18111811 1018 111181 och 1110081 111111 088181311111
111881, 1880118 vij 1818 811801 00188, 0118 81108118 1181118111 818118
8818 01118801 811 11011318 0118111838188 81181 3018 888 88011 Μ8-
1188111113 811 818118 1111 81101811811818 811818118880111Κ88881181811
1180118 1 8188801 8118181188111881188;881101088818101101118
811 1118088 ρ8111081888188 och 183811 8118 881811 881111 pst 8118
811081, 81 11838 811 1880181081888 1880818181818118110811818881111
och 10181808880118. Nu 3111 801 18818188888888118811, 8881
81811 18818 88188 v'a'g3 hvadh 88811 0111, 31088111101188 1880.

0181811801, 8881 1188 Κ8888ρ818110111, 01108810111811111311 118101-
1801, huru 8181111 080 0111. En 118111881188010000 18811; 8188
88 11838, 8818 11818811811110111188 den tijdh ded 18088118088, 118·
101181 11888111 118088 1811811811 hos sig i 1031801 1000 8118111081,
400 Τ1818 rytter, 1200 Tyske 88108181, 200008888818188112000
1111381818 och Ρ8181818 1181011181 1188011 001818 1 8811183 0111,
31088111101188 med.

018 01811818188 80 Brandenburgs ankompst 01118818181111
1181011801; doch veett 11188 1818, 881 han 10181 1811 1118011813
81181· 1818.

Ην8011 811 Β. K. 11111813811881181811118188181110180118
188181838188 och 8188188188, 00101881301183 18181038181111111
8811 81 1181111111 (11011818 1181181 8111111118, 1011118081 183 818 Pillaw
ded 11881118, 81118118818 81110. K. 111118 888108183 8181181881111-
fyllest3 men 001 18818118181,8101111881188 18118018181, 81811

183 1818 18811, 11881 medh 183 088 81811181818188111110888811118-
11101188, 0111181818 0111101 001188, 8811 1181131, 81188318888 888111

 

