XIX

Sld.

1 161. 1111166166666116116611. 11111666110111617 ...................... 660.
ς 111. 11110116 8616166666161. 11111666110111617 ..................... 661.

1

161. Tin Johan 1161161. Blblng d. 16 011. 1617 .................................. 661.

’ 166. 111111661661666 m. 11. 616666 166166666666616666616661Ρ1666666.

Elblng d. 16 Okt. 1617 ............................................................ 666.

, 166. 1111116611116616161. 611161616011. 1617 ............................ 666.
“ 167. 1111161166 116611. Marienburg d. 17 011. 1617 ............................ 661.

116. 1111161166 111111661,6616661116166166. 111166616011. 1617. 666.

= 166. 1666661166663161611 116616161. 1111163 6. 60 011. 1617 666.
’ 116. 111116166 De 16 661616,ςην6666111611666. 11111661660111617 666.
; 111. 16171163661661166666116161616. 1111166 d. 61 011. 1617 ........... 667.
³ 111. 1111161611 6116111 6661666661616,6166161616116661, 6166666161161

1666666661 pst 116661. 1111163 6. 61011. 1617 ....................... 667.

¹ 116. 11111166116661,611111116166111166661613. 1111161161011. 1617 666.
, 111. 1111 Gabriel (1661616666 0166666166. 11111636111661617 ......... 666.

V

1
Ι

116. 1611161111 6166611663». 11111636. 11166. 1617 ..................... 677.
116. 8116661161161611 gods vid byn Praust. Elbing 6. 1 1166. 1617... 677.

1 117. 166 ,16666 1116661616116661, och John sommam, 6666166161-

6616. 111161611166. 1617 .................. ’ ................................. 6 76.
116. 1111 116611 1661361616. 1111666. 1 1166. 1617 . .......................... 676.
111. 1111 6166616666661661116111661661166661161111166666. El·

bing 6. 11161. 1617 ............................................................... 676.
166. 111161666611136. 11111636.11166.1617 .................................... 681.
161-163. 1111 6116666616, 1111661661 166666. 1111163 6. 1 1166. 1617 666.

ἶ 161. 1111 Andreas von Kreyzen. 11111636. 61166. 1617 ....................... 666.

166. 1111 1616611616 166116, 616616666161661666116. 6111666611661617 666.
166. 111116666661611666 1 1611136666111666666. Elbing d. 61166. 1617 666.
117. 1111866616116611. 1111636611661617 .................................. 667.

¹ 166. 111111166111661161611166, 61661616. 1111166 6. 7 1166. 1617 .......... 666.

166. 11666116] 161 Zachariae 1116666666 1611, 66666116661666616 1 111166.

Elblng d. 12 Nov. 1617 ........................................................... 669.
166. 1111 1161631616 66166 (1661611. 111116661611661617 .............. 661,
161. 1111016111616661616166166. 111116361611661617 ............... 666.
161. 1111 1666616616 661 1161116616161. Elbing (1. 17 1166. 1617 666.
166. 161 1616616 1616 1161161661. 111116661711611617 ................... 666.
161, 1111116611 0111611616. Elbing d. 161166. 1617 .......................... 696.
116. 1111Η666 116661, 6111111166 1 6166661666. 111116661611661617666.
166. 1111161166 0166666166. Elbing d. 11 1166. 1617 .......................... 667.
167. 1111116116 111663616166161616116661. 1111163611 1166. 1617 696.
166. 1111 1]616661166(11,Ι16(161666.11. 111116661111611617 ........ 666.
161. 1111(166616161616166666666166. 1111163 6. 111166. 1617 ............... 696.
176. 111116666111666. 11116361111661617 ................................ ’701.
171. 166 Paul 1166616, bryggtre. Elblng d. 111166. 1617 .................... 701.
171. 1111 616161 1 6166661618. 111166 6. 16 11661617 ......................... 701.
176. 1111Η666 666 (161116116, 6666611ο61166666611 1161161661. 1111163

(1. 16 1106. 1617 ..................................................................... 706.
111. Til] 1116616166 1161611161, 666661 166666666161116666111. m·

bing d. 161166. 1617 ............................................................ 706.

 

