1666611161661666111116.
6111611 1 6666116666 61 den gtmla.

6111.
1. 2111 661166 66661666 11111161, 66166161 magdeburg. 66661661661166.
16 ....................................................................................... 1.
2. ammuh-mmmmm 6111 ,16666 De 16 (1611116. 6666166116 d. 61611.
162 ....................................................................................... 1.
6. 2111 Peter 611661666166616666616. 8666166116 (1.61611. 1626 ............ 6.
1. Till sigmundt von (166666, 61666666616616366611116166. 6661661113 d.

20 666. 1616 .......................................................................... 6.
6. 2111 8161666116 von (1666611. 1611166163 d. 20 1611. 1626 ..................... 6.
6 2111161666πὲ666. 1661661116 11. 20 6611. 1626 ............................... 6.
7, 21116661. Camerarius, 6612161616161111. 1661061666. 266611. 1626 10.
6. 2111 Christian von 11611111,6166666661661666661616166. ,166166111ςὰ.
24 6611. 1626 ........................................................................... 16.
6. 2111 2161631666 166611 (16616111. 6611166163 d. 26 6611. 1626 .............. 11.
10. 2111116111. Camerarius. «1661661636. 606611. 1626 ......................... 16.
11. 2111 21616616116661166 (16611611. 6661611166 d. 22661. 1626. ............. 16.
12, 2111 8161116666 von (1666611. 6611166166 d. 6 Febr. 1626 20.
16. 2111666611 661116666116161116. 1161166666 d. 62661. 1626 .............. 22.
11. 2111166611 witto, 616611666616616116. 6611666116 d. 8 Febr. 1626... 22.
16. 2111 06116666661 1166116 11666116, 661166. 1161166616 d. 6 Febr. 1626 26.
16, 21116661. (1666161166. 6161166611611. 1011661. 1626. ....................... 21.
11. 2111 666 11663616, 6161161 renident hos (166616166666166. 1161166616 d.
10 Febr. 1626 ......................................................................... 27.
16. 2111 Jacob Spem, 8166616-11113616166611666611. 1161166611116. 102661.
1626 ...................................................................................... 60.
10. 2111 J. J. von 11666611,Κ61·Ρ1616ἰ61 1661666666661611611611666611·
(1666166316611. 1161166611116.102661.1626 ............................. 62.
26. 2111 Christian 166 11611111. 1161166616 d. 10 Febr. 1626 62.

11. 11116166666116166. 2111 2616116666 616666161611666. 8666166161 d.

20 Febr. 1626 ........................................................................ 63.
22, 2111 J. Salvius (1). 8666166116 d. . . 11616 1626 ................................. 66.
23. 2111 Ρ1616316166 666611 06616111. 6666166116 d. 6 11616 1626 ............. 611
21, 2111 Jacob Spem. 66661661666116161626 .................................. 66.
16. 21116611 11663616. 66661661666116161626 ................................. 66.
16. 2111116111. 0666161166. 6666166116 (1.6116161626 ........................... 10.

 

