794

11”““11(133“1111311“131’ 114763 131311101116333113
122, 126, 133-136, 138, 140-’ (1111111111 lan», »11111 lan»,
142, 151, 155, 156, 160,162,164, »11111 1611111 woman), 244,
165,168-170,172,174-176, 178 248, 50-252, 255-258, 2ῖο
-180,189,190,1199. 218, 219, 265, 271, 293, 277-279.

266, 276, 284, 286, 2119292293, -, 1211161111 11111 = 11111 111
295, 296, 298, 299, 3113, 309, 3111, 111611 wenden 1116 6111111,
812, 314, 319, 322, 323-325, 333, 11111 1627 61111161 11 Α. 0.,
335, 336, 340, 345-348, 357- 244, 245, 248, 250-252, 255-
363, 366, 373, 376, 379, 381, 382, 258, 270, 271, 273, 277, 278.
419, 432, 437, 441, 451, 460, -,Ρ111111 111, lydda 1625 under
473-475, 597, 620, 623, 656, 666, 111111.
444'106712’374414431211-655'763'765‘ 1411116111 (11111111, 136, 382,

,11111111 11111 11111111 i, 154, Ι’16812119111101219110121ΕῙΜῙΠῙΜΥ*

234, 2³8, 240, 111, 111, 111, 111. ,597-
, 1161161111, 1511611 1, 234, 239- ngmti, ’θ 31401418 44189·
241· 243-245, 252, 253, 255, 270, Line, 11111, 1 1111111 111ξ1111111, 750.

278, 279, 303, 304. 11111 111111 1 8111111, 27 675.
,11111 1 (1 1111111111), 234, 236, 11111 17116111111111611.
238-241, 243-246, 250-252, 1111111111111111611111.

255-258, 279-281. 111 61111161,1111111111ο1,1111111

, 1111111161 1111 i 1111116 16251 Lamon.

Riqa 111, 11611 Jacob De 11 -, Ν, 1 21111111, 663, 695.
6116111111 1111119111, 1111111 [6161111111 (1116111111, gode 18115
1111111161 den 1621 ff. 1111111111 111, 6111111111 1111, 35, 80.

delen 1111111116, 1111111116 11111 Lindo, gods l 611111111111, 11111111
1111111111111111611,111111 ’1111- harad, Ostergfitlnnd, 101, 648.
(ἐξὸἕέήωε, Η111111 1111, 245, Μὲξὶὂρῑη (1111111111, 1116 18111131,
· , 7. .

‚Dorpata 111 (11116 1111111111 1111111111, 11111111, 116111116111, 61·
m. m), 11111151111 1611111118 111111 1 11111111, 583, 572, 586. 111.
11111 1111111311 1625 1111611111 1111111,Α1611111,101311111111111111»,
1111111 1116111111 ’1111165111 (01111111 = 11161115611111 110111,
111111 11111), »de 111 Erik Α. 654.

111111 111611 1111111111), 233, 11111 (Li 1112), 1111111 11 31111111·
239, 241, 243, 244. 246, 250- burg, 861.
253, 255-258, 279, 281. 1111111111 1111111.

-,611131 1161111111 1625 (1111111 1111111111,111111111111,111,431,
11111111611511191, 1211111111 1111. 581.
11111),1111111111116111111161 1111111111 (1111111111, 1111111111165·
1111111111 11 Μ111 1111111111 11111, landet, 82, 87, 101, 122,
Ρ1111(161111,Μ511Μ.1111111111· 126, 130, 134, 136,138-141,145,
61111111111), 1542442511, 251. 147, 148, 151, 152, 156, 163-

-,1ἱ1111 511161111161 111, 111111 165,170-174,176-180.183187,
Fellim 111, 1622 111111 11111101) 189, 190, 193, 198, 2116206225,
[1111(11161161111111111111111), 228, 261-265, 267, 285-287,
244, 251, 270, 271. 289, 292, 293, 295, 309-312, 316,

-, 11111111 1111111116221111111 319, 361, 363, 374, 379. 381-
1111111 Μ1111111 011111, efter 384, 415, 437, 441, 460, 471, 473,
611111 656 1. 1. 11111111111, 597, 627, 737.

11111 De 11 (1111115811111111 -,11111111111 11111111171193,
{altianum 1111), 244, 251, 270, gg} 225, 228, 263, 293, 437, 441,
1 . ‘ .

-, 1111111119 med 111, 1625 111111 -, 61111111111111 292, 356, 437.
11 611111 91111 (111111111111 8111111 (111111111111161111111
lam). 244, 2511, 251, 255, 270, 16111111.

271, ⁴277. 278. -,11111 i. 11-35, 11,11-108,112,

-, 511111163111 11111111116116111· 113, 137, 143, 145, 147, 201, 202,
611 17111111, husen Burtneck, 264, 266, 290.

 

