Β1111,11ο1111111131111111 6.
Βοέ61ἔ111111, 1 Β111111113, 629, 630,

3111161111, 3111161111, 11 1111611·
111.

3111111, 11 311111

31111111 (3111111111), flod 111111111,
1111 utlopp 1 11111 111 11111111·
ning, 191.

Β11111111, 11111 31111111.

Bomio, 0111, 11111111, 1111111111, 1111·
1111111 1 1611611111 1624. 11111
1111111, 13,

3111111111, 11 111311111111.

611111111111, 16111111 1 &erige

(›Allmogen·)‚ 386, 673.
-, 111111111, 11 11111111.
-, 1 mand, 11 111111.
-, 11111111, 11 1111111.

von 31111111 (13111111111111111
ἓὲἓο, 111111 vid 111 311 1111111111,

111 Βο111,1111111, 1111111111 11111111,
1111111111 1 11111111111 1 011·
Ρ1111111,” ,733,

Borgenknpet i 8111111, 673, 676.

6111111111, 11111111, 111

3111111111, 11111111 0111111111, 1111·
111111ἐιὲ11 111 7111111111111111111-
111, .

»611131111111 1611116111 11111111,
764. 766. 11111111111111.

111111111111, 1111111111, by 1 Prous-
111, 6111111 1111111, 464.

61111111, 11 Ρ1111111.

numeniacum 11111, 11 31111111 11111.

31111111111111 i Sverige, 676.

3111111111 11111, 306.

311111, 11 Banake.

31111, 11111111, 111111 1111711111·

borg, 1111111 1111111, 36, ,
101, 312.

-, Magnus, grefvo till 7111111111,
ἔξω 1111111111, 36, 80, 101,

776

m, 169, 466, 463, 476, 177,
487, 111, 199, 661-111-111,
111-611, 696, 696-639, 641,
649, 661, 669, 673, 681. 681, 687-
696, 699, 666, 666, 617, 766, 711,
711, 711, 716, 796, 761,766-739,
763-766, 776.

31111111111, 1111111611 1111111111
11 Ρ1111111,1111 11111111111111
11111 61111111, 90,

-, Anna Sophia, 111111111 11, 111·
111 1111111111 111111, 1111131111
11 611111111111, 6.

-, 1111111111, 1111111111 11, 111111·
11111 111111, 1626 gift 1111
11111111 (1111116293. .

-, 0111111111 wilhelm, markgretve
11, 1111111111 11 1111111111
1698-1631, administrator 11
1111111 1111111111 111 111111,
(111111111111111), 22, 296.

-,111111 11111111 (11161111 11111·
nora») 1111111111 11, 1. 1607,
1111111111111111111 111111 Eleo·
1111, 467.

-, 1111111 1, 89, 326, 329.
-,11111111111 11111, 11111111 1,
6,8,86, ,94,96,403, 7.
-, 11111111111 11111111111, 690. So

11111 winter.

-,Βτ111111113111 1111111, 296,
391, 466, 460, 463, 476, 477,
637-639, 663, 682, 683, 687, 699,
600, 606, 667, 741, 746, 762.
Se 11111 11111111111, 11611111·

- 11111181111611.

3111111111, 1 11111111, 392, 401, 466,
467, 479, 481, 486, 668, 669, 678, 679,
600, 603, 661, 662, 666, 713, 749, 744,
768, 761-763, 769.

31111111111111111111, 111 i guv 71111,
111111 om Dflnaburg3 220 vid Bng,iPo·
111111. 1111 111111 111 1111111 1111-
111111 1 111 1111111111 (lin), hvllket
111111111111, 146.

31111111111, 11111 111111111111111, 1111111111 (1111111111, humberga,

&a om 6111311111433, 663,

-,1111111111161111, 111111 (1111·
1111), 64, 69, 72, 73, 90, 92-94,
96, 131, 136, 166, 166, 296, 297,
299, 440, 463, 476.

-, 61113 17111111, 1111111111 11 Β,
1111111 11 11111111, 3-6, 8, 20,
21, 61, 63, 64, 69, 73, 84-87,
90-96, 127, 131, 132, 136, 136,
167,160, 161, 163,164,166,294-
300, 316, 324, 326, 327, 329-
334, 360, 368, 382, 383, 389,
391, 403-406, 409 413, 419,
6666666

Β111111111 1111 1 111111 21111·
111,1111111 1111111111, 111111·
smmmfflmfflffl
6666666
689, 696, 733, 734, 769.

-, borgerskapet, borgtre 1, 762, 763,

-, 6661161111 1, 11 wichman.

:3 1111116 16·

-, 11111 1, 702.

-, 11111111 1, 629, 630, 668.

-, 1111111111111111111 1, 486, 487.

-, 1111 111111, 388, 761.

 

