784

1505006110300, mellan 9000100 005 160500650000, 001100 11000001 005
1100600010 1000000, 22, 96. (100000100000000, 30, 58, 59,130,

- mellan smige 005 10100100· 314„
100100), 7. 25, 33-38, 40, 49, - 0001100 11000001 005 Polemi),
79, 80, 96-115, 122, 128130, 7, 12, 18, 28. 463.
133-139, 141. 143-149, 151- - 001100 11000001 005 ’11010 000·
153, 156, 164, 165, 169-177, 000, 20, 23-25, 28, 30, 31. 36,
179, 180, 182-192, 196-199, 53.
201-205, 225, 260, 264-266, 275, - 001100 110001 005 (1000001000
276, 284, 285, 290-293, 319 323, 00000, 548. 557.
324, 334, 339, 356, 357, 360- - 001100 60 5011106010 00610000
363, 365, 367ψ383, 404, 405, 422, 1200000000 005 0100100548551,
423, 438-441, 468, 473-475, 568, 597, 598, -602,610. 616,
490-492, 547, 548, 551, 556, 580, 618, 619. 623. 626, 628, 629, 641.
595, 597-599. 601. 602. 610, 616, ·- 001100 10100000 005 10115001, 36,
618-624, 626-629, 640-644, 40.
671, 672, 692, 694, 701, 711, 720 - mellan 10100000 och Polou, 468.
-722, 727, 728, 731, 735-739, - 001100 Polou och 11001006, 463.
752-756, 759. - 0001100 Ρο100 005 0000001000·
110 300010000100. 16600, Subdo- 00000000, 463.
1030000. - 001100 Polou 005 11001006, 366,

mellan 8000100 1000001001, 005 11111·

5000065000 20000000, 350, 389, “· 1111111111 101θῦ 0111 1191113111ῑὲ·
amm-406. 408, 409. 412-414, 473-115, 410167, 499, 501773,
416, 440, 010, 443, 445, 040, 000, 737· ,
498-506,5()9-511,536,533,582, - 001100 20100 005 hortu 0000
003, 000, 004. 704, 705, 000- mum, 418-4152 , 717,
3}ss 730, 730, 000-009, mm, ᾗ), ἐξ, 477, 188, 487, 19111177,

0. , .

menan Svfflge och gum ΒΜ, -· 001100 110100 005 8000100, 406,

mnu, 100, 000, 000401,οο- 461, 477-

21⁴2 00037, 2²³⁴· 2⁴2, 01, ,0,,.11111“··’“““·
Μ’ Μ Μ’ 1750060085οω1000 1 surige, 675, 676.

mellan Sverige och 30001006, ῃὸφωωιῃς ,f god„ 760,

336‘339· 350001010100 01110000010100000 01100
mellan Sverlge och 8105005110· 51000, 2, 9, 212, 213, 229, 387,
gen, 8, 293, 294, 317. 401, 402, 461, 562, 764.

mellan Banadenbnrg och 30000· - 0111 0110100010000, 111, 181.
005001, .

001100880006005003 005 Dan· 90510000, 11000 (100ος, 00 60 Omma.
00001, 155, 163. Gallia, 00 1700010110.

0001100 Brundenburg och Eng- (1011100111,5010000900600,303.
1006, 41, 44, 90, 91, (10010 610000 = ΔΙο0110110,016 211100,
001100 3006005003 00530001· 538.

0110, 90, 91. von (100100, 00 von (1000000.

0001100 3000600503 005 (1000· (1001000011 (6000100011, (10000011, (100·
00100000000,90. 0010111, Alexander Korvin (000-
0001100 Βο006005000 005 Ρο100, vinus), 001006180010001. 00101
463, 476, 471499, 501, 503, 536- 11550000, 218, 225, 228, , 311,
538, 711, 735-737, 739. 432, 437, 441.

mellan 3006005000 005 810500- -, 5000 500600, 311.

burgen, 6, 8, 293, 294. (1060000000. 00 Danum 10060000
mellan 1100060050ος 005 ’10010 (1060000, 00 Danum.

000000, 90. 91, (1066050100, gods 1 10000 000, 9000000·
0001100 11000001 005 En 1006, 10060110, 555.

12, 13, 15, 19, 20, 25, 28, ,31, (1010010, 1 10100 00 00160000300, 000
52, 53, 55, 307, 314. (0101101106 tran 000 001 0000 01010·
0001100 11000001 005 Frank· 0010, 0030110010000001. 10000000
0110, 7, 11, 13, 15, 18-20, 24, 0111 03000100 00160000», 431.

25, 28, 31. (1010000011, 00101 06010000, 480.

 

