807

8411141144 (8114414, 81441441, 1111141141· 84 mik, 144114), 341111 1144113, 963,
441, (1114414444 04141414, 63, 64, ,539

68, 69, 71-73, 99-94, 197, '2167 8416413 (84146413, 8411641344, 841·

999, 340, 394, 407, 471, 539, 599, 6413, 8414614131, 141141 11411444

616 617. (8443 411441, 114 111144, 4414144

·- ,4441 14144414 (81144111, 67. 11414444444, 118, 199-194, 134,

1111111...111111111111 111111111131.185

1444441444, οι( vm 1441444 ,11·1111990911141831185186.

81414 1941441, 4115. gem& 235&stae Semgallion),

99909999 019 1199411119 999· 4411134444ε 41114 44144 41 Kur-
8411144441, 444411134444411141141 1444,4441114114144 1111411444 841·
414444,11414411414 4 8134 11411 6413,196,136,141,144,147,169,
och 41141 (14441411, ,979 175180, 198, 919, 965, 984, 986, 989,
84414441, 414441, 1Preussen, 7119 993, 995, 310, 389.
844464311, ³⁸⁰3} 1. 4 641344414141 84313341, 1114414, 4144111 1411144, 690,
4114
- 11,(41116 (14944414411114414 8414114344, 41411 4. 3444 1 41444114
44641011Ρ1444144,595. 4111444, 4414411 1144 8416413, 971,
8444144 (814141, 11411 444 11414411 1 347
11144444444144 1944444195 841144414 811144
84441444, 01141) )846414444444) 1, 441 Sey, 14 Ζ434.
14114414, 144414414 major vid 1141· 81444444441, 339.
111444 44144144, 70, 74, 79, 89, 9111. 814444641344, 1441444444, 1414111141
Schultz, Simon, 768. under 1411144715.
1844441141, 141344, 444 8464144141, - ,8414144 (14441, (8414146441441,
1114641, 444441 1 Ρ1444444, 769. 141414 41, 6, 8, 66, 94, 95, 166,
84441141, 644444143343444441111414, 167, 993, 994, 998, 307, 315, 317,
431,435,.450 328121334407468A70221471474
144 441 844414,14446194114441,44· 617, 736, 738, 739.

441, 94114441, 1444441, 6413414 1 111 4411 8414444114341, 84444·
11446413, 764, 766, 767, 770. 644.

844444446413, 4444181144464131411, 8144141, (14114414, 14144141 114 kym-
3141141111 8., ,6144444641314134441 414144, 790.

44144, 144411 41144141, 35 490. 81344444 IV, 1144443, 44 Ρο144.

von 8444411446413, (14413 4441113, 8114111414 8441441411
314114 1) )(14)441846114111446413141 ),1 8111141141, 14 sylvester
411414414411414 64141444411131141· 81444114144141, 641341419414411,
414144144414 1141414444 ΠΙ), 44141· 591.
11111141144446441111Η444411444144 -,4444114, 688.

1697, 740. 81444144, 14446, 1844144 1 8141114,

844444444443141, 414, (8441146414411, 437.

44114441 1444 81344 6413411144, 64· 8141441444, 14 14144 814444444.
1144444 41 44 1414114414 61444 441 - ,,Ζ44441141 1414141.
81414 3111411 431114 444144441,195. 81444461, 44 8144461.

844441441431, 846444143411411141, 811144 (84114441,14446,41141114141·
14114441 1 114411 1144111814441· 4441 vid Uplands 14 444414 1696,
berg, 481, 489, 484 144414414 41141114, 435,5,15

8461411414411, 114 6111446413191444· 531, 769
444595. 81411411, 14446,144144,14114411413,

844446444 (8464444444, 8444411441, 484.

6 44 414 11441443, 4414 Haupt, 81414441 svenskn 44144, 930, 390,
534539 400, 431, 448, 449, 633, 649, 653,

von 8411446413, 14644 1141464141, rytt 658, 745, 746, 769, 768-770.
4411414 vid 14414111411144411411· Sjundby () 8144441115 1 8144444 44,
per, 531. 11314444 144 141141114411143441367.

84441144104111144 14444411, 444411 )81141144114114444), 14 De 14 (141414,
1114144 1695, 4441141 1630, 14444644 Brit-2.

1144 11444414 1111 8141134 14144 8441141111441411,4411 194, 954, 970,
1695, 84, 89-91, 155, 163, 999. 979, 977, 979-989, 678

 

