811

“ 8111611111, 1111 (1616111611161116, 79, 8111161111, till Tyske 1116161, 23, 90,
30, 59, 77, 83, 118,127,130,140, 317.
156-164, 167, 177, 1781811326, 111 6161111661, 616111, 11611111,
394, 315-317. 8661111611, 1116161, 161 8161161,
Camerarius. (16 016111, 91611116,

.., 1161 (161611161166111 1111171616· D5nhoff Emer„ puch, Flo,

661 1161111 11661611118161166 ,
och Polen, (8616661661 1616 4405, 9814451574, Godemann,

Roobus 111 (161 11611611, Simon 644554, '⁰1¹ 554545, 8054477,

16136111616661116116611161611, 705 47415 8444454574, 4444741,
566, 517, 551, 556, 557, 561,566, 0161616111 G. 01661, 011111,
591, 111-116-661, 616, 616, 618, Rasqhe, 54 4014464641416,
616, 663, 661, 666, 6666666116, 8611116, 161 Schwarzenberg,

,77,-646, 665, 696, 699, 707, 72⁰, 8611661οά, 86111, 811616, 7111611,

766, 731, 736—738, 752, 7⁵4- von 016611, 76611616611711161,
757, 759, 161 Winterfeld, 7111666111.

1666666666 41111111161111111111

7741 778] 317³ 748 , numera 1111161111, 544.

,ἓξὲξ {21133333333231241 42 86661161161161, 66 06161111116611·
745, 46, 47, 54, 52, 61, 68: 77} ,8678767678 (611661111111616611161
91, 92, 95, 139, 756-489, 162·- 11111111, 1161616611 11161111), 657,
164, 478, 226, 346, 847· 666. 111 061616111166161161111111161.
,4448 74544448, 249, 229, 289, 8666111116111 1816611111616111, Su·
232-234, 237 238, 248, 249, (1611111111), 6161616 1111161111, 1111·
253, 254, 454-469. 274-276, horae 6111 116, 1611171166, 375,
282, 284-290‚ 366, 367. 693. “

, 1161 8811666616, 536, 577, 535- 866611111611), 50.
538. 866, 86666, 66 7666.

7777, fflissgfssfssffiaefflg: 7111, 11161611, (16161666611116166 pa
mfflfflfflfflfflffl‚mwmm

496, 499-503, 512, 525-566, 7111116111111 1)1111661116111116,593.
531, 535, 537, 596, 7111111, stad och 11111 06171616661,

-.,11661,3640· ,333371 7113387 8 36, 16,

,1111 76161, 80, 161, 173, 174, 433, 5161 617,
382, 413-445, 493, 458, 463, 476, 76161661611116161, 7616116111, 66 Deieh·
477, 488, 489, 499, 591, 593, 528, 6666116161, 1161616111.
531, 577, 713, 735. 76661161, 1161116ᾱό16 1 66111861166161,
,till Polen, 318, 366, 867, 406, 407.
536, 669, 697, 711, 735, 761161, 71111111Ιί61, 61161616 1 6161611
..., 1767, pommem, 166, 665, 116161, 310, 331, 393-395, 407, 407,

,1111 1161116ᾱό161 71616661, 711, ,6877197,,77’,7ῗ,7ἒ,,7,ζ7,’,,;744,’,ἓ77,7,’,,”,77ἐ7, „
777* 777 777 777-777· 1167111661 1161111411, 1163.

,till 1161116ᾱό161 71616661, 383, ’117656711751571761

443, 444, 427, 428, 449, 442, 443, 7116116 Hannon, 61611611 661611, 643.

445, 458, 459, 488, 476, 477, 71161116.Η61111(1Η11116111166111516111),

488, 489, 496, 499, 591-593, 161118711161611661161, 538, 758.

595, 596, 511, 512, 528, 531, 535, Thomas, kapten 1 1161611 111161, 433.

537, 795, 737· 711611 1761111, 76116, 7611111, Thorn-
-, 1161 1161161, 692. nium, Toranium), 6116168811716116·

-111616161116111 11661611116111
mm '''’Qssfflmmmmm

““’ tm R{³⁸l⁸¹¹dj, 777-777 711111, 71116361161111, 616116 11 ((1111
··, Mn 814545547748, 8, 8, 95, 298, 161 711161, 1661166 7111616161), 66·

347, 488· ueralmajor 1616161 111161, 166116·
-, 1111 81111161, 406, 669, 699. 111111116611161 1 71616661, 77, 116,

 

