795

11111111, 1111111111 1, 7, 110,138, 145, 1111111111, 1111111107111 11, 1111111·
263, 264, 284, 287, ²90, 381- (111111110111111111 1711111111,
383, 473, 628. -, 1111111101111111111, 296, 298.
-,11111 hotmarskalk, 11 11111110· 11111111,111111(111111 181111111669.
1011111. 1111111111, by 1 Ρ1111111, 181011111011·
-‚ 1111 1111111111 1, se Sapieha‚ 11111, 454.
Paulus. 11111111110111, (1111110611 111111101,
-, vice mmkalken 1, 597. (1111111111110111111111111111111,

1111111111, 1111111111 (1111111111), 17, 1¹32 123, 3341347·
61136, 141, 774, 778, 797, 203101, -,Ν111 1111111111,11111111111101111

Mmffiffiffiwffiffl lwmmffl
375, 332, 475, 539⁸ 11 1111111111, Ernst, 1111111111111·
131111 pa 11011111111111111611,

1110111, 1111111111. 324 331 340 394 407,
1011111111 (1111111111, 1111111111), stad ,Ἴ han', πέρρ,,’311,’331,340,394,

ί 0113165331 5333333133305 1111011111 Braudenburg.

- 13335 33335 533ζ453, 1111111111 1111111111), by 11 11111
’law 'm' Dat'm’ '⁶' 97111111,1ὀ11110113111111571.
11111 (101111), Hans, 1111111111 1111 Margem, Mmem, Margnnw, Mar.
Liflffld21304100k⁸f⁰h0⁸ 3705411· ΚῙῘ· 1111011, by 1 Tiegenhofska 01111311
⁵4¹0st 3 41214· p4 81011 11111111, 661.
1011101, 1 1117111141. Maria 11101011, 1110111111 1118111111.
10131111, 11011111, 1117171111111. (111111 11110111 gemm. 116, 122, 119,
11011111, 18111, 1111111 1111131111 264, 276, 309, m, 7511. “
117111111111111, 763. 1111115111, hamburgum, 11 1111111·
1011111011, by i 11101111, 1810111111 burg.
01111111, 454. 1111111117711111 Insula, 11 11111111,
Labeon, 1181111111, 1111111111. 81111.
1111111111,8111111111,111111ορ 11111011, 1111111011, 1111113111 11111111111111,
polsk vice 1111111111111101. 1627, 38.
da 1111 151111ᾱά1111 11 11111111, 597, 1111111243,
598. 11111115111,11111 1 1111111111 11111111,
Lude, Ludhe, 11011 o. gods 1 1111111, 1111 111111 71111111, 250, 271, 347.
1014011 om Wolmar‚ 244, 251. -, (1111111517), »111111111311111
Lundebergius, Zacharias, 101 111111· stad 1111111·Ρ11111111,1111 Nogat.
1111111111111111 Petrus Jonae Anger· 711 (1111 hb 111 sida, 355, 357,
mannus, hade 111011 11111111 111· 382, 390, 391, 394, 400, 411,
7111111111 1111111 1101111111, 11111111· 412, 420, 426, 432, 434, 435, 437,
101 1 911116 och 1111111111111111071 440, 452, 478, 482, 483, 494, 495,
(1111111111, 320, 321. 516, 531, 532, 571, 576, 571, 581,
1111111111, 1111111101, 1110111141101 1 584, 600, 604, 605, 620, 631632.
limburg, 111111710111111111 8111111, 638, 643, 648-650. 655, 163, 704,
342. 716, 742, 752, 759, 761, 763-
11111, 11111111, fiskam 1 1111101111, 770.
Ρ11111111,525. - 111111111111101Ι)α1.-111,353-
11181111 1111111111, staden, 23, 36, 40, 356, 357-359, 364-365, 398,
92, 125, 126, 150, 340, 533, 740. 420-423, 513-517, 664, 759,
-, radet i, 36. 761, 7674769.
-,(1111 11111111, de 1111111111· -, deso 1111, 412, 429.
1110111111), 533. -, 11111111111111 1, 455.
81 111111 9511111111111311, 8111· --‚ 11011111, 11141111111111111111·
debud. 11111. 401, 448, 449, 704, 716.
11111101, 11 1111110511. -, 10111111110111 1111 1, 131.
1111110111, se Lindholmen. -, 5011111111, 11 Ρ1111111.
1111111111. 11 1011111161. -,11011111111111 1, 480. 1111111111.
Unger, person 11111 1111111111, 752. —‚ »das 1111711111) 1, 716.
16111 (111111), by 1 Ρ11111111,18111111111 -, (1011111111 1, 524.
1111111, 454, 525. -, 11111111111111 1, 649.
-, ombud 11111. 465.
1111015111, 11111 i Neder·Sachslska -,111111 1, 418, 165, 480, 494, 518,
11111111, 1, 22. 511175.

 

