Wolgnnt‚ 4146 1 vor-Pontum, 49, 85. 10000, 241444004141140404441001404,

wolmar (1114104441, 4146, 41011040 1110 77111401701711111 611001. 1627414004·
1 Lfflmd, 194, 228, 234, 036, 238, 0004064046οο 1411 enatat 46011, 610,
244, 248, 255, 274. ·
1141041, 233-272, 274-288, 1441100, 44 04441100.
292-301, 303.

-, {ligatum 44 1611406, 4144411164 fimum, ΒΘ Umlinx'

Wormdit, Wormltt. Wormbdit, 41461
,mm Ermelgnd 19013k2p10u2. 1400040144 1060444 010414146104, 44
4404064410οι 1144004040 ,381, 7700741177*
382, 419, 521, 566, 567, ‚688, - 8400004400441411.
689, 703, 709, 747, 758, 759. 146411, Jacob (146011, 1464141, ›do-
-‚ borgare 1, 709, 762, 763. minus Culmennis» 11, 014100 41 110104,
ω, 100404406ου1 6140, 40 1400411140. 00141 0144 140414011οο 1627, 4100

wmmgton, J200b spem* 3on min. ι . 1404140 ,1011 1628, 404006 att 160·
gen 110004441004 ἰ me, 41140 Orme- 71θῦ771 11187 ’1111878111 1077, 598,

4100 444. om Edinburgh, 69, 83. 778, 674, 678, 770. 737 , 757, 755.

Wrangel, 1041606410 4001004014011040 7071701475ί (7811]0780717177011811ΝΟΪ1100
Georg 41 νῖηῃμῑ, 105, 01 111400, 0044 1404144 41144 146011

.., ΗΜ, mmmm, „dan ὃς. 11011162800400641100640040614
vemtelssjtnant i ,vem qamt, med 4040414404 1626 och 1621374,

404, 04, 444, 440, 400, 404, 044, 598, 737·

614, 0114, 724, 741, 745, 765, 770. 14041404144, ἰ 01404140 41 byn Praunt
-. Η440440, 400041 1411040414111 01040410401140644,677.

10404440 (404004041411404, 1406404444, 44 640640.

»Campo 114444404110441, 375, 383, 1400000010 (1400000411, 6400400414)

397, 420, 422, 431. 435, 452, 454, 1444014404, d. 0. 4. 1044414404 ’ph

455, 451, 478. 490, 491, 517, 531, 40604 41640 14114041 1101400111041·

532, 550, 556, 580, 607, 609, 615, 0410444144044 1600041, 168, 176, 267,

618, 624, 040, 044, 044, 040, 004, 339, 016, 114.

555, 664, 665, 692, 694, 745, 14046411, 10040, 00141 44104144404,

7114-708,1741, 641100 1 640 41414 04410101ομ0

1110111, 001401, tange 004 4040414004, 7777 7707411114 17774 1811777 fbf·
008 0404110 4004 mod 4040414004 1627·-

1628, 4 , 752-755.

’Θειέἓηὺῗέὂρῗζ ἓξὲξθῖἓῐὲἷρξξὶ ἐξ, 1004444111. 10404041111040440 1. 204.
. 00, mmmm, (354⁴ ffiiafeffi 100414, 1441411444 41

7711787477* 70944 70979 7777471114· 1441406,14140610004141404114164
(70774 7477 7777774 ⁷⁶⁶· 16040464 0464414064004, 159.

Wuseu¹ by 1 1140144414 4041, 10404440 11404004001480040040041,004000141404
734. (4400610044) 1 1140010, 493, 602.

1100440440, 44111οη4444, 1016400400 1. 8016440440, wilhelm,

wurtemberg(Wyrtembe1-g), hertigdbme ῗὲξὲῗῑὲδὲοὲὸἱ Qge 004 4040414404

i 77717777777777771707 1011140411 (8011401411, 801110014111.

7741111111, ⁸⁰ 7707771117· 00444111100188414114401040, 00141

114140404411014044. 041410410404, ,61)8, 614.
114001140444114011440. 77114 7714 77880 Β101), (7117, ryss-

1144191404, {Or mm ming· 395· 04441404 004 0414014004, 228.
777777777777717777177477071400 (100), 4146 117101400344. 636,

77ἷῖ600716416, 7176476176ἒὲ 707144, 004-440, 000-00. ,

402, 431, 727, 732,748‚759‚763‚764: 41406 (1140611, 004000 ἰ 801101414
76117111, 01140, 110411 14064140, 309.

vino, 41461 11040104, 00461406, 320.
11011100000101, 44 1101140001141. 441401410040 1 604414, 87, 88. 0

 

