780

Εο111(315111,31511), 11511511 1311- Eltaborg (3115511511, 313155135111.
111111 220 511 1111 1115111111 51111 om 11111 1 8111111, 691.

1111151131, 265, 272„ 11111, 1111111, satori 1 1111111111
31111511 (11111511, 3151115111), Hans, 11, 8511111511, 3155111111 1111151115
{ssfmmjm' 111151, 4511111, 1511- 811111, 918,

· 3111115511, 111115 p& 1151151, 1811·
3111111101111. 11111515, 1111511511 8151115111, 330,

1111161111, 3111111111, 1111111111 11111115, 335·
546· 3151 1511111155, 1111111, 755.

31131111, 3115115111,11111111111 11155111· 31111111111111 i 0113111111511, 13.

ἒὲἔ1ὀῇωὲἓὲ-ἓὲἒ 1111111111 1627, 1111111111, 11111, borum 1 {lamp

1 1 · 111 1 15511,15111515 5 e
3115111,111111111,407. » 1151 5511111151, 499491, 4996541
311111 (3115313311111115111, 1 11151115 -, (11513, 11 31111111.

111, 8151115151 1111, 544. 3511115115, 355.
3115511111113111511111. -,1 Ρ11511111, 409, 490, 499, Μ,
von 31171ὲ,6 wilhelm, borgare 111111· ξξό, 659, 733, 761-763, 766-

111 , . .

31111381 Par 8115111 115111 1011515111 311111111115511111,1101111.

111, 0111115111111, 193. 3111111111 1511511111 1 Ρ11111111 (0515·
3111515111 (3111511115), 1 3111151111 5111 51 3111111111), 499.

utu, 'l'rbgdn 11111, 3511111111, 111111111- 31111111111111111111,1111111151111111

ἓέἒρ 151 11111111 De 111 (11111111, 305, ιζ151111 7t70. 692

· 1 11 1 ru 11, .
31511, 3115111, 11 35115. 115ἕ11511,111661, 111111311111111, Δ1-
Elbo, 11111111, 13131111, flod i ’11111- lit), 10, 14, 39, 41, 44, 45, 51-

111511, 55, 99, 93, 394, 331, 339, 407. 53, 55, 59, 76, 81, 90, 91, 94,

3111153 (31111531, 31511311), 1111111551· 198, 199, 135, 161, 307, 314, 318.
111 91111111 1111 Nom, 53 319, 338, 341, 491, 493, 610, 599.
1111111 Werder, 111151111111111111 -, (1111 Ι, 151553 11, 81-84 91-
11111 1111111 5511 1315111111», 965, 94, 96, 198, 1991115153, 159,
354, 857, 389, 399, 400, 493, 494, 163, 164, 307, 314, 315, 399, 343
496, 437, 440, 450, 465, 477, 478, 341, 463, 469, 610, 617,

483, 499-494, 513, 1116, 591, 595, 81 31115 walen, prinsen 11.
596, 533, 541, 543, 544, 546, 551, -, 1115111, 1155551111, 7, 31, 41, 49,
555, 563, 564, 566, 569, 571, 574, 44, 47, 48, 51, 53, 55, 56, 59, 61,
577, 588, 590, 603, 617, 631, 643, 69, 64, 68, 76, 91,197-199, 159,
645, 651, 659, 664, 681, 633, 638, 161-163, 315.

710, 730, 737, 751, 759, 758, 759, -, 51111115111 1, 341.

769, 764, 766, 768, 769. 81 511 1115111, 1511151111, 3511111-
Dat-ort 386-397, 399-490, 494 11111111, 8551115511.

-513, 517-541,549-555, 637- 1151111111. 31111111, (11511, betgue 1

663, 665-759, 753-757, 759, 1311111111, 541.
761-770. 3515111111, 1511111, 9, 306, 348.

-, 11111 11115111, 3151111151, 401. 311111111151, 11 1111151111.
-, 11511111 1, 499, 450, 521, 534. 1111111115, 15511111, 1 11151111, 630.

-, 5513111111,1111111115111. 311111 1 3511115551, 111111 1511111, ἢ

-‚ borgmfistnre och 1111 1111575. 649.

-,1111111,1.’15. - 11111155, 1111111111 551111 Clu 1

-, (1515115111 1, 528. 051111111151,701.

-, 5515111111, 1151111111 1, 574, 575, - 31111111511511111 8115111131

-, 551111115511 1111111115, 115551 31111511, 761.

1151551111111111311111115111 - 3111111151, 1111511111111111, ,
Platon. 1511111111 (11, 111111115, 764 1
-, 1511115115 1, 11 0115161111 - 1511151, 1111543111 51951111, ζ

Bengt. 515.

3111151111 1111151 p& 815111 11111111, — 1351151115115111131551Β11

765, 767, 770. ges 1111111111, 558.

31155511 0111111151. 5115111111, 1151111 - 111111511511151111111111,153.
1111 51111111111 151115 01115111, 399. 3111 XIV, konung 1 8111111, 691.

 

