805

11188, 1818818, 18118818 1, 267, 402, 88818818161, 576.
7631768· 8881811188, 88818111, 88 von 88811811.

*2 2012081122ι i, 227· 8811181, 881188181. 811 1 81818818

··‚ 8018186311322 ¹2 216· 881188818188181888888, 8118 718181·
-, 88181881 81, 88 88881, 818818, ⁸01· 517.

Gylldenhiolm, och 881188181. , ,
.., ,4502 (mmmm, gemm) ᾗ, 1181181188, 18888, 8888818811881 1

121,126,215,227,231,232,211, 1111818101 1⁶ ‚320 ,,

247, 1111681, 683, 684, 687, -, 1888 8818, 88 81881818 2811818-
-, 88118181818 1, 247, 681. 111881· (1011θῖ-

8118. 88111181 (88111181, 8811181811, 11888,
-. 1181188 81, 35. 11818181811110813818 1181811125,

-, 11888811188, 682. 362, 608, 613, 633, 638, ’1.

1101118111· , de 1³05, 88888, 8888188888 881
6119322221 ¹ 5121189112 8121121· 8888881118188 88188188 1627, 667.

:⁹ {⁰¹3ss ⁸⁰Tp⁰¹k²l² d Royk, «181888881611111111888181818811,
2 5⁸ ⁸2 ⁸⁰ 5⁸ ⁸¹¹ · 88818111 1 818881 111881, 678, 679,

¹ 818118181188,Ζ88181188 Α81118ι8,818881 748, 749·

student, 576.
mmm, ⁶¹08& j Kflnifflbug, 656Ι 8811818888, 88 8811811888.
1181811888 (8881818888), 18181, 1188181 88111, 1711181111, 8888181 11888188 1

8118118 8181818 1118811188, 3. 11888888, 712, 713, 715.

18 88818118, 81811 1 88118181881881· 88111188, 88 8811888.

11181111 1118188692. 8811 188881, 811811, gods 1 st. Jacob
Rodbertt, 1181881811 1111 Daunia, 711. 818, 1218118811, 88118811, 1111 1111181
883ῗέ 83818, Κ818188,1811888188181, {fian Ulrich 81181 sig, 206, 267,

, . .
8818188881, 08888111), 11181888 3 888811, Daniel, 1813818ιί 1111881118,

81888888, 761, 764. 740.

881811188 18811118), by 811811 188181 88881818, 8888111188, 88 8888818811.

om 1111881811, 615. 188 88811811, 18188188811181888181·

ἱ 88188811188881), 881811ε 88818888181, 1188,8118181111,881·Ρ1818181188111881

552. 881 818881181188 88118811 118 land,
Bonnebnrg (Runeburgum, 8118850781 32, 44, 75, 71, 214, 215,. ,307,
81811 1 11118811, 68181818 11188· 313, 314, 319.
den, 118, 140, 156,160,168,175, 8888118881, 761.
178, 180, 244, 250, 251, 271, 278, 888181818188, vid 8188818 hiron 1
282. 81888888, 772.
-,11888 1118, 88 11118811, 8818111118 8818818 (8811881881888, 8188811881·
liin 1. 11881188 (188818181818188, 27, 30,
8888, 88888, 818881 18188181, fingo 39, 40, 42, 83, 45, 52, 17, 58, 68,
188 8818818188, 208. 69, 74, 77, 91, 130, 157, 158,

¹ 8888811181, 88 zur 8881. 162-164,167, 178, 170-181, 218,
- 888888118188, 88 1281111881. 226, 308, 316.

88888118188118881881.11181888Ρ1888· -, 1888 88111188 88111811,178,180,

lau, mlhorlgt famlljen von (1111888, 181, 2 8, 227, 316.
90 8811881888, 88 818881.

· 88818888, 818881 1881181181, 768. 88111811, 118, 1 Ρ1888888, 632.

8888881118, Friedrich, 88 8888181118, 88111188, 81888, 188188 vid 881111
81118. 88118888 1838188818, 558.

4' 8888811, Paul, bryggare {Tlegenhofska -, (88111188, 86111188, 8811118128·

818111181, 21888888, 712. 1111 1811118111, 81181818, 400,
, 8888181118 (188888811811), 81118, 81· 420, 531, 711-763.
· 18181818118881 1 81888111888118118 81181, 88 8811.
1811811 11811 81118, 1111118, 8111), 515, 811888 (1888881), ὃ 1111 2818818188
’. 518, 531, 532, 613, 741, 769. 1881, 759.
8881881 (888181), 81811 1 Meoklenburg, Rysfllnnd (Bassia, MoschoviaJ:

320, 321, 443. -,1881181, 156, 165, 178, 180, 225,
-,18118 1118188118 88818111888), 228, 336-339.

418, 668. -. 818181 11181811811111. 8181181818
-, 8881881181, 761. 81 (8118881181), 94. 337-339.

 

