777

01110611, 10 1111101100. 010011 (Kronia), 111011 11111100, 01101110
011111501ωῶ 1551515015, 101 ’1111110111 tegumento, 10001·

0111111101, 011010111010101130,001111 ἒξὲζιίἓῒξῖἱῖὲῗξοζέἕτῗῖἕά '⁰¹²¹‘
11110111 mter, 111111ῃο110 101110 ’

11 0 11 ⁶⁹1- 11111111101111.....

9800110 rumim, ⁸⁰ Bnndssnbssrss· 01011111,(0111110111,0111111111110·
101011 0001011011», 10 1111000ἰί111 mu, regemenmekretenre vid 101

1181ῒί01· 1111 100000010111001011 tegumento),
00110, 100111100011010010101, 11011011· ⁶55·

mdlLunebnrg‚155, 0101, Anna 11 Ρο0110010, 0010110111·
011111100111, 10 Halia. 01111117) 81186·
06100116101, 7. 12, 216, nomm, 329, -‚ 111011 1100111101, . 1100001 100,
ehlmlto‚00mm120, 101110 1116371111100010101-
0110111101, 10 Kyrnos. 1010, 86. ¹
chamum, 2001112211113, 01001, 3111010 De 11 0111110.
0011116013101111116010010, 3111116010), 0433308110 ,30110001

stad 117011010οω0, 1111011001 091ιννιειο 0113017091 ⁸0 Upffl·

hamburg, 382, 391‚392‚ ⁴81, 011101, 10 30101. .
604, 638. 0001000000 (0000106101, 1110111000,

..‚ borgal-0 1⁰, 545, 725, 3601031010), 30110,011011101110011
-, magistrumn, 11001 1, 545, 010, 392111 239· 64²· ,

715, (1001001100011), 3111110, 1. d. 110111·
..‚ de„ mmm, 725, 765, 759, 1111110018111110,11110111001111101,

0111111110 11101111, 10 1110101111. 9296001701 127110 5⁸⁰⁸ 0²07ss '⁰¹¹
0111111110 1100111100, 632, 1110111000 deu· (19018911 090 «10980 2101011111 11111
summo ,om konung 8101110000 1111 3001011010

2111111112121122 ‘⁰⁶²¹' 16121313, ’3311011316
0111111ἰο00001,1 01111 1111111, 31011030 4761 477, 4288, 439· 499, 501, 503,
110, under 1110111 111100 11111, 00· 521531, 531, 708· Ι ·
mm 155155, 50, 0010 an (101001001111111110111111

0111111101, 001011011010300, 10 1111· (¹⁸¹² 0313Ρῖ19103019009397117117·
,tm gh numeral denna 1110, 424.
0111110001 1111111100, 10 111ηο001100.
0101111060100101100, 10 1101111111. Dm, David, 110100 1111 1111111011
0601100011, 10 1111111011. tegumento, 668.
06101110, 1011110110. Dalm, 0111 1111111011. 0111 11101, 101101
01100101 8110111001 10101101, 10 Neder· 001 111101, 119, 141.
8101111111 1101100. 1111110110, by l 01001110,81011011001-
01101 01011011100,101003011100101. 11110, 464.
0111 christetem, 10 Hom. 0100100111 sibu, 1 11011100, 110011
01000017111,01110,619. 010 0111101010, 766.
cleopha, Antonius, 110100 1 1101111 1110101116 1310011011, 1 0101101010·
11111111, vid 11111 3166100110000101110, 11110, 4 .
668. 01001111, (11101111
clarck (1110111011, 3101110111111111 -,1101101, 111101, 6, 12-16, 19,
1100111111611111100111110111110, 20, 23-26, 27, 28, 30, 36-40,
0000110110,11010110111111610116211, 44, 48, 63-66, 69, 60, 76, 221,
48. 222, 224, 226, 227, 299, 319, 338,
colberg, 10 Kolberg. 340, 341, 672, 674, 692, 694, 728,
100001010011, 10 300011100001101 731, 769.
Conway 1001100111),1111.,111111011010· -,011111110 IV, konung 11, 4, 6,
1110 1 1101111011, 316, 316, 7, 11-16, 18-21, 23-31, 33,
0010010 110100. 36-40, 43, 46, 47-63, 66-64,
0011100110 3010010100. 67, 68, 76, 81, 83, 84, 86, 91-
00111101111, 11 110111100111. 96, 127, 128,130, 131,133,136,
0111011011, 10111111 1101 0000111111111· 166-168, 161-163, 167, 178,
011 1101101100 1111 21001100, 738. 180, 216, 226, 227, 297. 299, 300,
0101000 (1010100111), md 1110111010, 307, 314-316, 324, 326, 327,
111301 non· 010 0110111101, 739. 328, 331, 332, 340, 341, 362, 407,

 

