1x

616.

61. 1111 (1661 06616666 631166616161, 6116661161. 11113161 616 1163361116.
27 6611 1626 ......................................................................... 120.
61. 1111 Κ. (16616166611. 1113661616116336616. 26 6611 1616 ............. 121.

61. 1111 Per 1661161, 36661661 1 11611666. 163661 116 66336166166611
1626 ................................................................................... 122.

66. 1111 116116 11611666666 Palm, 1166661666. 1163661 616 Κ633661 6.
29 Juli 1626 ........................................................................... 126.

64. 1111 0661616666 6666166611 1166666611616,61661616. [1163161616 11633616]
(1. 301611 1626 ...................................................................... 124.
66. 1111 6163161161611 1 11136. 116316161616336166611611 1626 ......... 126.
16. 1111 L. Camerarius. 1113661116 1163361666663. 1616 .................. 126.
61. 1111 Chr. 666 661116. 1163161116 1111336616. 6 Aug. 1626 ............... 162.
66. 11118. 666 (1616611. 116316161611633616 6. 6 Aug. 1616 .................. 164.
66. 1111 G. J. von 1166666666611. 613161 616 6633661 d. 6 Aug. 1626... 161.
16. 1111 6116111661. 116366161611633661 d. 16 663. 1626 ....................... 166.

11. 1111 66136661666 6611 166 1116661. 6631616161166111611161116. 16663.
1626 ...................................................................................... 142.

11. 1111 1611666166 8166161161111616116,16616666611166161616. 1163661116
116661611166116, 11 Aug. 1626 ................................................. 146.

11. 1111 J. Skumin 1166ὶί66166. 1163161 616 11666161116111 6. 16 Aug.
1626 ...................................... , ............... 146.

14. 1111 J. Skumin Tinzklewlcz. 1163161 616 6116611 6. 21 663. 1626 146.
16. 'fill Dietrich 6611 1661666613, 6616616166. 163161 616 1111666 6.
22111663. 1616 ....................................................................... 149.

16. 1111 66661 0111666666 (1), 6616161616. 116366161611116611614 663.
1626 ..................................................................................... 161.

11. 111116161616116111616166. 11631611161111666 626 Aug. 1626....... 161.

16. 16161666116116116666 Palm. 1163661616 61666116. 19 Aug. 1626..,... 164.

¹ 19. 1166 (16116666 6611616666. 66366161611166611661663. 1626 .......... 164.

66. 1111 chr. von 1161116. 116316161611166666.[611]663. 1626 ............. 166
61. 11116. von (161666. 6636611111 11166666. 61 Aug. 1626 .................. 161.
Bil. 1166663666 resolution 166 (1666661616161666 61666666166·
bergen 616. 6 663.
61. 1111611666661. 1631111616 1111666 6. 61163. 1626 .......................... 161.
66. 1111 616116163116116111666666. ’1163661616 11116611 6. 2 Sept. 1626... 169.
64. 1111 J. Skumln 1161166166. 116316161611166611616661. 1626 ........ 111.
61. 1161666161 166 J. 6616166. 1163161616 1111666 d. 111) Sept. 1626 ........ 116.
66. 1111 6616616116163 (1116161166. 1163161616Β1166116. 4 Sept. 1626...... 116.
11. 1111 L. 0666666166. 1163161616 61166116. 4 Sept. 1626 ................... 171.
16. 1111 J. 11613666. 1636616611166666661111626 ......................... 119.
19. 1111 66 1161616 16661666116166. 163161616611666 6. 169661. 1626.. 162.
61. 111663616161666161666116666. 1163661616 616666 6. 166661. 1626.. 186.
11. 1661661666 161 6166661616111166166 61616 Ηο16 6611 661661616166 661166
6616166. 116316161611116666.1166ρ11626. ............................ 164.
1111. 11616163 1111 61111661666661111161.
11. 1111663616161616161661116166. 1163661616 1166616 d. 1166111. 1626 191.
11. 111111666101161616611661166116111. 1163161 616 666616 d. 17Sept. 1626 192.
14. 111166161111116116666. 1631111616 6116116613 d. 21 Sept. 1616 ......... 169.

 

