1111

616.
162. 111111666661666116666666611. nigrat vid 6166666 (1. 11 016 1616... 616.
1111. 6666666 61 1661 06666616666 6636666616666166666611636666
16666 6666611 1666163 6111 66666161661666666 1616.
166. 1111 Gabriel (16666166606666616666. 1163666616. 16 0166. 1626 616.
164. 111166666666666. 616163 (1. 1 1166. 1616 ................................. 666.
166. 1111 6666661666. 6161636. 61166. 1616 ............................... 661.
266. 1111 Alexander 666116, 61666666. 6161636. 61166. 1626 ................ 661.
161. 1111 663666666666166 1 1666113ᾶό666 16666666. 616163 (1. 611661616166.
166. 1111666663116666116611. 616163 (1. 4 1166. 1616. ....................... 666.
166. 66666161 166 6666616166 6666616166, 61666666. 616163 (1. 4 1166. 1616 666.
116. 1111 Clau (1666666166 1166661666666. 616163 (1. 4 1166. 1616 ....... 666.
111. 1111 66366661661666 1 6661366661 16666666. 616163 (1. 6 1166. 1616 666.
111, 1661666 66161666616666661611616366. 61161636 61166. 1616.. 666.
116. 116 christophor 66 6161116, 16166666,666666 666166666663. 1166166·
burg 6. 11 nov. 1666 ............................................................ 666.
611. 1111161166 116666, 61666666. 6161636. 161166. 1616 ..................... 666.
116. 1111 1166663 (1666661666. 616163 (1. 14 1166. 1616 ..................... 466.
116. 1111116663 wilhelm, 1666166666 1166666666663. 6161636. 111166.
1616 ..................................................................................... 166.
111. 1111 66616 666 (166 1166666661. 616163 (1. 1111661616 ................ 466.
116. 1111 Κ. (1666116611. 616163 (1. 16 1166. 1616 .............................. 466.
116. 1111 6636666666666 1 6666366666 16666666. 11161636.161166.1616 466.
116. 1111 6631666616616136. 6161636.111166.1616 ........................ 416.
111. 1661666666116661166. 6161636.161166.1616 ............................ 411.
111. 1111 66366666666666 6666666666616666136666116666666. 616163
(1. 66 1166. 1616 ...................................................................... 111.
116. 111] 66636661666166666666 6661366663. 616163 (1. 1 1166. 1616... 414.
114. 1111 663666616616661 6661366666 16666666. 6116163 (1. 1 1166. 1616 416.
116. 1111 61616166 666 66161666663. 616163 (1. 6 1166. 1616 .................. 411.
116. 11116666. 0666666166. 616163 (1. 4 1166. 1616 .............................. 416.
111. 11666616] 16616611 66166666, 61666666. 6661666663 (1. 161166. 1616 426.
116. 11666661 166 661186666166666616116666,6166666361,6666666666,
666 Lm (1666166, 6616616666. 6661666663 (1. 11 (1) 1166. 1616 411.
116, 1111116616 666666 1166666661. 616163 d. 161166. 1616 ................ 414.
166. 1111 66616 666 (166 1166666661. 616163 (1. 16 1166. 1616 ............... 416.
111. 1111663666666666616666136666116666666. 6161636. 661166. 1616 416.
161. 111161666666 6661366663. 616163 (1. 661166. 1616 ....................... 411.
166. 1111 0661 116666,66666111666111661666663. 616163 (1 1166. 1611 416.
164. 1111 Franz 1166611666 666 16666, 366166, 366666166166. 6161636.
6166. 1617 .......................................................................... 419.
166. 1111 Hans 666 (1661161116, 616666616116666. 6161636. 6166. 1611... 466.
166. 111166666366666166611. 616163 (1. 16 166. 1611 ...................... 461.
161. 1111 Paul 1616616666, 6661666 1 6666116. 616163 (1. 16166. 1611..... 466.
166. 1111 Ludv. (1666666166. 6161636.16166.1611 ............................ 466.
166. 1111 Jacob 66666. 616163 (1. 16 166. 1611 .................................... 441.
146. 1111 16666 (16666666, 666661 66616666 1 6661366663. 6116163 (1.
16166. 1611 ......................................................................... 141.
141. 111116666616611166616666666616, 61666666. 616163 d. 11166. 1611 446.

 

