vm

d.
17. 1111 (1611111111 von 801110. 8100160110 6. 18111111626 ..................... 811.

18. 11111108010011. 8106111010 d. 1811011 1626 .............................. 48.
28. 11111106080010111101. 810016010616110111616 ........................ 44.
86. 1111 11006 80001. 810016010618110111626 ............................... 48.
81. 1111 81000061 von 861100. 8100160101 d. 1611111 1626 .................. 48.
81. 1111 (1111111110 11110, 1110110 1011000001 1101101. 8106160101 6. 28111111
1616 .................................................................................... 66.
86. 111181000061100 8611100. 8100160101 d. 610111 1626 ................... 61.
84. 1111111161. Camerarius. 8106160110 6. 810111 1616 ......................... 64.
86. 11111. 11010011. 810011101ιο d. 8 10111 1626 .................................. 67.
66. 11111. 11010011. 8106160110 d. 9 101111626 ................................... 67.
81. 11111. 8010011. 8106160106. 16101111616 .................................. 68.
88. 11111106001100101101. 8100160101 d. 1610111 1616 ....................... 66. .

8111001 1 001011 100001111οο1111110100; 101101616011110100 161
68101100οο1001 1106016111.

88. 1111 Ludv. (1100101101. 8100160101 6. 16 10111 1616 ....................... 71.
46. 1111111606 80001. 810616010616101111616 .............................. . 16.
41. 1111 1. 1. 100 8016011. 8100160101 d. 1610111 1626 ....................... 76.
41. 1111100 8010010. 8100160110 61610111 1616 ............................... 77.
48. 11011610110866011010,6011001110. 8100160101 6. 22 10111 1616... 78.
41. 1111111601000100. 11111010110011611610111111601. 8106160110 6.
1611111616 .......................................................................... 76.
46. 1111 8100100611οο 861100. 8100160110 (1. 11001 1626 .................... 81.

811. 110000000110001011001618000111 6. 81 Mai.

46. 1111 10110 100 6010 1100106061, 8100600601011100601100116.’ 81001-
60110 d. 21001 1616 ............................................................... 66.

47. 1111 6001. 11111101, professor och 60100101111101011. 8100160110 6.
8111011616 ........................................................................... 87.

48. 11116061. Camerarius. 8100160106. 10 10111 1616 ........................ 88.

811. 1100000000 resolution 161 v. 861100 116. 16 Mai 1616.
48. 1 1110166011 namn. '1111 101110 066 611600101111601. 8100160101 (1.
141001 1626 ........................................................................ 87.
66. 11118011116000101060. 8110661010 6. 17 (1) 1001 1626 ..................... 161.
61. 110110 606111110161611611110611111111111611601. 1110161106
1616 .................................................................................... 108.
61. 1111 80116016 1060110011 100 110100610000, 1011011110 0110011011,οο11
1110000 81011 11611608, 1110101110 01 1101011. 8101 6.1 1011
1616 .................................................................................... 166.
68. 1111 80116116 10600001 100 110100600000. 1180101116 1100001116.
161011 1616 .......................................................................... 166.
64. 111181. 100 110100600100. 1160101116 11000001 d. 161011 1626 116.
66. 1111 001061011010081111101 1110101 vid [1000001 6. 111011 1816... 116.
66. 1111 8. 1. von 110100610100. 610101 vid Kokenhusen 6. 161011
1616 ..................................................................................... 112.
67. 161 1011106110 0010110000 11100001. 8000110111. 181011 1616 ....... 116.
68. ’1111 Κ. 800111 Adon. 1160101116 Keggum (1001710111816 ........... 116.
68. 1111 Κ. 801101 16011. 1110101116110000106001710111626 ........... 117.

 

