477

dijudicare, quoe potissimum sint oonsilis secuturi. Vale. Dsbsn·
¹.- tur Elbingae dis 12 Feb. An. 1627.

Magnificentius tuae amicissimus

Axelius

Oxenstiems 000.

10000001ρο00.

Eodem, quo 00 001100000 mess exaro, die hostis, quod 0000
01)ρο000 diu agitasse, ostium 000101001010300010, ubi in Iseum

1100 0010000 3000000001, 000000 0100 010100 summ vom 0001000100000000

'- 0000101000, 0000 010 0000 fl. 1000000οο 001000 0010300, 000 010 0000000000100011)
’·“ 00000100 0000000.

1100000300 00110000 noch sicher 00000000 00000000 000, 00100 mnu 00·
00000 0010, 010 000 000000 30010000 010000 000000 001000 0001100εο 00030,
0000100000 0100 000000 (wis 0003000000) 000 1100131. legatum 0010001000 00030.

Weil such 100 (1010. 110000 0000000000, 000 0101 0001100 0000 00000010
Ροο100 0100000 100000 durch 010 30000100οᾶ0 pest 0011000 worden, 00000 010·

’- 001000 100000 000300 00031003 000 001000, 000 010 000000 0000 0000 0000000
-- 000000, 000110 00300 000 00000010000000 1010100000 001ομ001000 0000 0000
.· 001000 0000 00 0000 hommes, 000 010 000000 00 0010000 0000 00 0000000 (11
ι· 00000,οο 001000 010 000000010000 0001000000 00000001 10 0000000100ᾱο 000 010
’ 00300 0000000, 0000 00000, 010 010 01000 011010 100100 001030001000 0000010100,
- 0000000 0000 01100 1001300 queit 30000 munseo.

0000 00000 1000010.0000000101.101000000εο0001001000000100000,

: 100 000 00000000 000 001000, 0000001100 00 000 0100000000 3000000, 00030·
. 0010000, 00310100 3000110000 0010000 00000000100, 010 10 300000 00103001οᾱ10110
v 00 0010000. Wo 01000000000100001.11εο00000010000 10100010 0000το00000

000000, 0000 00 0000010003 000 00000000000 000 0000 000. 010000 30000000
1000000 3001110000 000000».

111000 Δ. Os 03000000130 00000ρο 110000 000 0111 00 0001100100 0111 000·
1000000 01 00000000003, 000. 11101030. 8 Febr. 1007, 0000001 Α. 0. 01000 er·

10000 000 0101300010000001103001 00000, 0000001οτ, 000000 00 01110001000000
00000 Philip 000100100 000, 0011300οο 0000003 Α. 0. 1000 010 0000030οι 0000·

’ 0000, 003000, 000 000 00000011000, som 1030000 med 11001300003 000 000001

10001000 01000 0000130000οο 1000 01000, 000110 0000100000 000 0000000000 0111
0000000000. Om 00 00000 8001000 00001000103 010 densa 010 0000000000οΙΙο
00000 00000000001000. 000 om 000000000100010000 med Δ. 0εο 000110010οτ 0111

’ 0001000000 000οο0 00001100000000010. sl 10000 (00 00000), 00 800100 100·

01000 01000000, 000 1 001100 A. 0. 00300013 010000113οο 01013000 0010000000
0000030 00000, men 0000010010 000 100 000 01 00000 100000011030000 ps 10000·
00300 1 11001301)οτ3, 00 00000 00000 0003010330, 000 00300 0001100100 000 bs·
0010001031100300 010013 013000 0. 0 Febr. 10000011300000110 000 Α. 0. 01
0000010010 00000000 00 00000 000 100 Camerarius. 11000000 0001000 000000·
100000 000 000100000οο 000000101οο 00000000 000000 000 0100000 01000 At 00000
0001 000 0000010000 01 0 0, som 100 010130 01100000110000300000110010300
010100, 00001 0000311010.

 

