814

7661661611ε 116666165111, 346.
1761616666 Episcopatus, 66 1116161666.
76166616, 66 1761661166.

1761661166 1766611616, 17616616), 1161666·
stad 1 Polou, 79, 82, 98 175, 291,
mmfflmfflmfflm
463, 539, 568, 592, 597, 616, 669, 672,
735, 737, 739, 759.

176116, 6111661111 0661, 67.

7666111166 1 8661116, 619-621.

17661161, 17661161, 66 1761661.

17616661, 66 77666661.

Wagner (Wagner), Henn1ng, 661. Dr„
borgmiistare 1 141161661-11661166661,
mmmm

1761611661, (77616661, 17611611, 17166616,
1711166, 17166611, 1716161111), 116666,
31, 334, 350, 351, 353, 354, 358, 369,
374, 384, 390, 394, 399, 419, 425, 440,
450, 452, 473, 490, 516, 530, 532, 533,
550, 551, 560, 564, 574, 577, 579, 592,
596, 616, 622, 638, 702, 706, 758.

17616566166166166,6661661 6666166616
1761616616 616166, 532,5 ,596

17616111611611666 (171666161666), 61116
6161761656616 66611116616 6116111666·
arm, 390, 533, 581, 727, 731.

1761111116, 66 8661166677611661.

17611161, 1611611666 111666116611666 61·

666 1161111 1 Ρ16666611,1)1166666
1606 1666116 8131616666 6166
6661616161 1111 6166 1111666616 616
61116 1111161166 med 66616163,
11611161 1623 1666616666 kun·
6111661166 111 66611616 161161, 616
616 11611616 6161661616661 1666·
hadom 666 1 61616161 1625111
mugen 6611 1761161 (11166661),
som 61666616. 259.

-. 1161611161, 16611666 61 116161, 616·
666 611666616666111 mod 66611-
6161661627.

17611661, 66 1761611661.

1761661161, 611 1 8161116616 61666661,
1766176661666, 66111 1761611161, 517.

7761611666, 1116111161, 16611 Matienburg,
72⁴.

173ἓὲ1161, (1611111166, 1666566613116,
⁶ ,2st

77611666, 17666111, 6111661611, 111616 6·

66166 6611 166 1 1111666, 165,
107, 109, 110, 115, 133,136,139,
194-196, 240, 244, 245, 248,

250-252, 255-257, 259, 270,

271, 273, 277, 280, 166, 303, 437,
fflffimm

-m, 661661616661 1, 300, 301.

“’ 61606111661111111111 111 1.

1761166116 1666111, 1 66666111 16116636·
111616, 66 vandalorum Rex.

Venedig (766611), 16665111, 1611111116
mellan 7111611116 och V.‚ 38.

7761116611, 81611, 61111661 161 666661
11116166, 449.

7766666 (17111666, 11666161),17616116616
6611616116. 811166 delur ditat
16116666 Orous-worda 1. 81616
1761661, Κ1616-1761666 1. 111116
1761666, 1111661661 1. 8111516661
1761666 0. 6. v.

—‚ 1761666 1 1111111, 390, 397, 400,
401, 450, 490, 492, 559, 664, 764.

-,1166661, 16666616 661, 355, 397,
mmffifflfflmm
661. 664. 766.

-, 6666 6616616616 ο. Deiehge·
16111666116, 66 Deicbgesehwome,
11111661, 8161167616.

(116661766661, 81666 1766661 (11116616
1161611,1166616611166661666161,
1166616Μ611666616666161),66116·
landet mellan 7761611661 6611 No·
gat. 81666616 61111166, 6666111611
66166616666, 6661 6661161111 deu
166166) 66666 delen, 6666 166161
16116666 716666561616 66166661,
1 666161 3666616616, 1166661661
6661616116) 66166 6161616666666·

1761661 1 6ᾅ661111 5666616166,

354, 374, 37 , 378, 3116381411,

Qfflmfflfflffiw

&mmmmmm
-, 1-

076 1 1 1 1 s 51
-, ΞΕ9611ξο616ῑΞ1ῗ16Ξ1ΞΞ 1171161671ῗό76·
“ 0¹¹2 1 1 ·

Klein-werden Lllla 7761661 (11116616
Minor», >Insula 71661661666161),
6666111666 namn 16166116166661
616111 661616616 666161 om 06666·
1761661. 1166 666111666666111·
ningat 16116666 66611611161661·
661 666161 661 17616116610611111·
ger 1816516661 1761661. och 1611-
661 66161 om 116161 Klein 1.
7166116666 1761661. Hir 16166
med Κ1616·1761661 mugen 11611·
166 661 66611161 382. 411, 125,
452, 4111, 464, 465, 519, 531,
Qaemmmfflm

‚ 11611666, 16166616 66111116 1761·
661, 429, 452. 453, 459, 465, 466,
333, 519, 520, 571, 604, 653,

 

