806

80001006, folket, 00000000 (11000101, 80001006 (1800610010), 601 01 001·
1100600101, Moschi), 142, 241, 257, Ρο000000, 600060000011101000. Pre-
337-339. 001, 1101000160 006 do 6160 1101100,

110 0010 8606006110000, 86060606.

81601, 11160000 1166 1 8000100, 2, 33, 800000111οι0 (8000011001, 601016116ουοο
79-81, 97-106, 128, 130147, 016 60100οᾗ60 06600 om 11001006,
1117, 212, 21411, 266, 290, 368, 385, 10000000ου60 det 0000000060 mk·
617, 618, 629, 623, 673, 676, 768, 000. Kome, 186, 262, 289.

751, 7⁶⁰· 8010011010 0010000, 00 8000011100.

-ι 1111991119 ⁸⁰ Lsthauen· 800600 (8006000, 2006000001, Hermu.

.*' 1111811910 P⁰¹³¹¹ffi 1600000 1060 Ηο106000, 215, 216,
60010010010000, 00 1100006000, 0101 231, 247,

1111101- 00001000 (ιο00000οι0), 0 ι 0001-

1110011010161111011 001011οτ1100 Μ

ῚῙΞὲΊξΗμΜωΜ. 80000100, 00 8000110.

[1999 tegmento, 1 0000060 61000, 532. 899190 ⁸⁰ 3811111111. .
11660000, 11660110, 00 11016000, 881110110,«106000008100001000,0000010111

at 61060000 (0611600610 mar·
11606000 1 Η110060 0011) 81106000· mlum), oon 0111 Leo, 263, 264,
100, 642. 292, 399-311, 319.

'sabaudus 0 woron- “’ ,131011133132311111361
880111θῦ 1883011111, mk ¹⁸⁰d⁸d012 92» vojvod 01 9110011 01011000 711ἶ
162. ⁴ 00001001, 145,168, ,261-266.

-. 6001000100ᾶὸ0000, 93. 275, 281, 293, 399.

-, 11106011ιὶ500 ξῶῗιῖὃὸίῗθῖῐ ς 81011093, -, ξ9070100, 1116001010 0100 1000100,

’11111991118111949111739 80000001οὶ0 6000060000, 00 200000·
310 1106008006000. 8009,

80060001106000, 600610 106000 Erunt 80000600, Ρ61110, 1061001 1100010 160
01111)οι 1100010001010000001161· firman 60 11001, 450.
000110660110001100000016 , 80010600, 10600, 010116000016100100·
19, 25, 27, 28, 39, 55, 394, 467, burgi 90000000, 636, 637.

470. 8001000000, Ηο660 1. 110660, 6011106οὶ
-, 6000 1000000, 539, 599, 617. 06000000, 763, 768.

80060106001110000, 1 8000006000, 696. 8000000 1806006001, 6001100001 11000·

806100, Ρ61110, 00100100οτ0 600 Gustus nuel 01, 38.

66011, 61000010, 06060606 011111001οε- 8000010, 00 8006000.

60000061001000100018000600600 80606001, (100000, 1 went-Preusuen

1627, ,112, 363, 307, 369, 477, 500- , (jtr 80606000, 61ιο1101, 524,

5533, 506, 511, 525, 535, 536, 544, 544, 80103800ᾒὲ00, by 01110001οο0 1900600.
,000 , .

8000110 (8000001101. 001 16111006, 00· 806000 18061001, 60600001000000 00·
gestit 016000011006000000001- 600 Alex. 600110, 0060616060006
0000, 255, 258. 80000 1625, 48, 768.

80106000, 00 8016000. 80606001000, ort 1 000101 Belga

8011. 160 00000100 660000 60601, 152. 16000000, 714. ·

000 80106000 (saltzburg), wilhelm, 61· 8060600, 800600, 00011000 0000600
{ggstelbjtnnnt 10000010 116001, 763, 006010011οἑοὄ0600» 1 61060000, ntra

. Nertt, .

8010100, 10600 66100, jur. dzr, 10001. 00· 8060016100, 1101000, suthtune 61000
1000100000, 06060606 till 1100610010· 1101601000 lin, 387.
land, ombud 00600160600611000000 000 8060100, 0000101000, 651.
med Polen 1625, 00600 6016000100, 80611600, 8.11.,100101,628.
00060οε0660 0. 0110066, 22, 23, 35, 806100006611. 10011000 806100006011,
36,110,112,115,172,17.’1-175,183, stad 1 001-Ρο000000, 00060001 om
1111-191, 195, 197, 451, 569. 1101106000, 694.

80061001, 00 80001006. 8061000, 00 810000.

 

