xvn

616,
768. 1111 61111 werden »11111311111 1111 11111131111111111». 113111
116 1111111111 6. 11 6111 1627 ................................................... 666.
169. 1111 1111113 (11111166111. Η111116.16.11111627 ........................ 666.
166. 1111111111111 11111111116113. Haupt d. 116111 1627 .................. 681.
161. 1111 116111, 6113311111 1111111111,1111111111111131611161111113.
1111316. 16 6111 1617 ............................................................ 682.
162. 11111111111111 111111111111113. Haupt d. 16 6111 1627 .................. 664.
616. 1111 (11611116111111111 0111161111. 11631111161111116.16.1111
1627 ..... ·. ................................................................................ 686.
164. 161111118111111131. 116311111611111116,1611111627 ............... 667.
666. 161 Ρ11118111111131. 11131111161111316. 16 6111 1627 ............... 669.
766. 1111 111111 1111111111, 61111111111111113. 1113111116Κ111111116.
19 Jull 1627 .......................................................................... 6111.
167. 1111111111111111111111111113. 1163111116Η111116.2611111627. 692.
166. 1111111111111111111111116113. Η111116.2661111627 ................. 696.
169. 1111 (1111111111111111 1111611116. 11131111161111116.2661111627 6114.
376. 1111111111111111111111111113. 1111116111611111 .................. 666.
371. 1111 11111111 111 11111116113. Η11316. 16 6111 1627 .................. 696.
172. 1111(1111111111111111111611116. 113111 116 1111111. 261111 1617 696.
m. 1111 11111113 (111111 16111. Haupt d. 19 6111 1627 ....................... 697.
171. 1111 (1116111111111111. 1111316161111 1627 .............................. 666.
676. 1111 11111361111116111. 11111162113. 1627. ....................... 661.
176. 1111 1111111111 3161111611. Η111116. 6113. 1617 ........................ 666.
177. 1111 111111 1113111161,61133111111111111113. 1113111116Η111116.
1113. 1111 ........................................................................... 111.
176, 1111811111 01116111 Worder. Ι)111111116.9.113.1627 .................. 664.
3 179. 1111 111111 Ρ1111113, 6113311111 1 1616116113. 1111111116161113.
1627 .................................................................................... 664.
166. 111111111311111111111 (11111111. 1111111111 6. 14 Aug. 1627 ............ 666.

. 311. 1111811111 61111101. 1)111111116.11113,1627 .......................... 616.

s 162. 111111161111(111111111101111111111, 1111111111 6. 16 Aug. 1627 612.
616. 1111 1111111611. 1111111116.28113.1617 .................................... 618.
Bu. [1111111111111 11613611111 161161111611131111111611111111

661116 16116113111161 161 111113 sigismunde 1116111113.
111. 1111 111111 11111111161111» 1111111111. 11111111. 11 Aug.
1617 ..................................................................................... 622.
786. 11111111611111111161111. 11. 1111111111 d. 61 Aug. 1617 ............. 626.
186. (1111111111111111111 med 111611 611113. 116311111611111111116.6
sept. 1111 ............................................................................ 111.
187. 1111111111 611161161111). 1111111111 d. 6 Sept. 1617 .................. 626.
1111. 11111111 1111111161 6661131 11111111116.
166. 1111 Δ161111111111ο1 Η111111111116. 1163111116 1111111111 d. 16 Sept.
1627 .................................................................................... 629.
761. 11111111111111111111111161. 111311111611111111116.1661111.1627666.
716. 1111 111111 11116111111111131111111111»11111311111111111 163111
116 1111111111 d. 16 6111 1627 ................................................ 661.
3⁹1- 1111 carl 111111. 111111111614613111627. ................................ 661.
312, 1111011161111. 1)111111116.1661ρ1.1627 ................................. 692.

11

 

