x1

161. 1111 1161613 1166111 61 11611666. 1161111616. 11666. 1626 ............. 566.

166. 1111 661661 066661 61611163, 161116661636661616166. 11616161 d.
111166. 1626 ....................................................................... m.
166. 1111 K 061661 16611. 11611661 6. 17 666. 1626 ............................. 616.

611. 1166113 6161611116 66161 6111666666 66366666 6166661666
6611661166.

146. 1111 Gardt 6111666666. 116666661611661626 .......................... 212.
141. 1111 K. 066661 Adon. 1116161616. 221166. 1626 ........................... 274.
142. 1111 Κ. 66666116611. 11616161 6. 26 Dec. 1626 ........................... 216.
116. 1111 Κ. 06666166611 11616161616666. 1626 ........................... 266.
144. 1111 K. 666611 116611 661661627666. 1626 ........................... 262.
146. 1111 Κ. (166161 Adon. 1161616116. 26 Dec. 1626 ........................... 266.
146. 6666166166 161 666 1611666616 6166666666, 661 066661 61631163.
1161166111. 26 Dec. 1626. ........................................................ 264.

611. 1166616116666611116166.

’ 141. 1111 1161613 1166111 61 11611666 11616161 6. 61 Dee. 1626 ............. 266.

146. 1111066661 61631163. 66166666. 6166. 1626 .............................. 266.
116. 116166 16666 66 16 06161661111666 666 6616661611 1 Polou 666 Li-
666666. 11136 6. 4 166. 1626 .................................................. 266.
166. 111161366666166066666. 6161166166166. 1626 ..................... 262.
161. 1111 061. von 661116. 11616661 1161661626 .............................. 266.
161. 611611631611611166666. 11616161612166. 1616 ................. . ...... 666.
166. 1111 Κ. 061161 16611. 661666616. 1616161666 .......................... 662.
164. 1161 66116166666 116161,1]11666166 11166666. 11616161616166.
1626 ..................................................................................... 666.
166. 1111166666 66160616166666116116166166661. 1161611616. 24166.
1616 ..................................................................................... 101.
166. 1111 161166 6616661161, 66136666616 1 66161. 1161161116. 61661.
1626 .................................................................................... 666.
167. 1111 K 06666116611. 11161666616116661626 ........................... 666.
166. 111111616316116161166 06616111. 66661661661116161626 ........... 666.
166. 1111316116 16166661 61666. 6666166116 6. 6 61616 1666 ................ 612.
110. 11111666666666. 6666166166211611626 ................................. 616.
611. 6666166166 1610666161166 6. 22 April 1626.
161. 1111 11166 6113616666, 316116 Jacob De 16 6616166 16366. 6611163·
nas d. 11 noi 1666 ............................................................... 616.
162. 1111 Ρ6616616666 16361666666, 616166111116. 8611163666 6. 161161
1626 ..................................................................................... 626.
166. 1611161631611616666 06616611. 6666166116 6. 1 1661 16261 ............ 621.
114. 1111 16666 166616666, 66661163666 1 6611666666. 6666166116 6.
616111 1616 ........................................................................ 612.
166. 1111 Ludv. 0666161166. 6666166161 d. 61661 1626 ......................... 616.
166. 1111 6661661 von 111666116166, 61666666613616 3666166116. 666611·
holm d„ 111661 1626 .............................................................. 660.
611. 66661661661611. 111666116166616. 16 1661 1626.
161. 111111611161116616616161161166. 6666166161 d. 211661 1626 ......... 661.
116. 1111 Ludv. Camerarius, 6166166116 1 616666 611661 1626 ............... 666.

 

