813

482-434, 445, 616, 616, 629- 016161161666161666166, 263, 384, 386,
531, 560, 672, 691, 699, 607, 608, 670, 674.
614, 643, 649, 661, 767. 111 01161, Per 11666666, 66166166666. 647.
16666666666, Rujum, 11666· -,6666161666666, 666 1611661166,
1616, 866666611616166, 11116. 166166, 647.
16611666, 16616 1616166 (1 6116666611,
21, 22, 37, 42, 46, 53, 83, 84, 91, 166 116166 (116166), 1111666616, 6616
93, 94, 96, 163, 333. 116166· 16111 1 8166166 66666 sigismundo
6666116666, 166668666666, 866· 116, 1166611611 66161, 661166661 666
66666. 16166611666661,1666 61 1621 11166·
-, 166166, 1161 6616116166, 87, 94, (16666661, 61161616, 6666 161161116·
198, 266, 366. 616616 61 6616666 61 0666166, 22.
-, 16616 11161, 90, 295. 11666161, 66 1166116.
-. 16616 611666666, 6. 166 1161166666, 0116 1., 1666161161
116 661 16166666. 6111166301.
1661166166, 66 1161166166. 1666661666, 66 1166666.
Τ6116(866611611671,60. 1111666611, 11116 6666, 0111666611,
’1611666661166 116161666666611. 66161 6111661, ,436
1616, by i N eder 1111116616, 1666661166, 11616666 166 16161661, Hans, 1616661
323. 116661, 6666666666666161616161741,
1666616, 66 116666. 745.
166616666, by 66 616 1116666 11661666,
0661111166, 66 011166. 677.
06666666, 66 161666 06666666. 166 1666616116, 066661, 6166666, med·
Uggla (Oghle), 166611 016666, 1661111616· 1661 6106116666, 1661666666611661-
66112. 1616616666 6666 666, 6661166611 1666
061666, 66 0611116. 0666161616161116 1111 06616611 666
0166161666, 66 1166161666. 8166166 1626, 29, 59, 83, 118127,
0116,1116116616111866666161616616611, 130, 140, 166-164, 167, 177, 178,
166. 180, 226, 294, 316.
011166, 16666 (0661111166, 16666666), 1666161116 1166116.
66166661616 1 11166, 66666111 661666
116 1616611111. med 16161 1666111111, 6611661,1ο6616,6666666161661616616,
106, 161-209, 211, 212, 118, 133, 150.
242, 245, 246, 263, 276. -, 16666666 Baptista, 666 1111 666
0166, 616116)ὁ 1 8161166, vid 1161161616 ἑὲῗο, 6616616 ἰ 6616161666,
11166, . .
166 066616, 06116611,166661111 Beren- Wagener, Wagner (11666661), 166666,
666 166, 761. 16116661666 1 616661 116661 1627,
-, Heinrich, 1111 6666166, 16661666 6116161616116661, 256, 270, 608, 613,
1 1611666, 66666666 1111 11666· 655.
land 1626, 336-339. Wagner, Hennlng. 66 Wagner.
Ungern (Hun 6616, 1166661611666666· 1161661616 1. 0666661616 11116161616166,
1116, 66, 368, 407, 471. 11611666161616611, 6666661166, 661116
06666616 66166161, 391. 111 16661666, 0616661161 6661116616,
06666, 161166, 1 1161616666 (1166666611 296, 298, 299. 331, 407, 476. 573, 731.
1 116666661616 6166611611), 770. wales 11161116), 6116666 61, 0661, 66666·

06 66166666 161166, 643-546, 669, {¹1⁰³ 0661 1 61 1166111116, 14, 31, 64,

0661666 (1061666161), 61666111 land· Se 661 16616611,

6166, 101. 116116661616, 66 1161661616.
066166666611666, 763. 11611661, 11616611, 6111 11611666, 6616
066616, staden, 87, 323. 1116661616 6166666, 6661 616 116661·

-. 66616611161 1, 88. 1111166111, 265, 302, 310.

-, 6661166166 1, 88. 1161116, 66 116166.

116 6166661166. 1161116616666111166, 16166666 666 6616·
06666 VIII, 66116, 338. 616611 066616, 8 .

111 86666666. 1666616166 Rex, ›Vendes 11666666,
06661166 1166116616611666, 1166611611, 116616 666 1166666, 1 6166611616·

1111111116, 61111616 6166666166666161, 6666661616, 188, 371, 495, 620.

657, 666, 684. 116161-616166, 66 1161661616.

 

