802

727-735, 737, 742, 745, 747, 748, Ρ5155, 5165551115 (10151555) ἰ, 7, 67,
750, 756, 758, 759, 761-770. 96, 110, 111, 164, 202, 226, 266,
Ρ5155, om 6111151155 11551555,33-35, 275-277, 287, 110, 366, 331-
79, 80, 82, 83, 91, 95-110, 112- 383, 440, 468, 472, 473, 539, 541,
115, 128-130, 133-139, 141, 597, 627, 626, 641, 669, 672, 728.
144-149, 151-153, 156,164,165, -, Stet-Polou (Ρ515515 Major), 64
171-175, 177, 180, 182, 183, -, 1151515 5151151511, 55 1111111555.
185-191, 196-199, 201-204, -, 5515 51511555151, 15 655555151ὶί.
225, 226, 249, 264-266, 275, 276, -, 5556555151, 55 1156155511, Zad-
284, 285, 287, 290, 291, 324, 326, 511.
334, 358, 360, 361, 367, 368, 371, -, 515115551515, 537. Se 551 Ll-
372, 374-383, 438, 439, 441, 468, geza.
473-475, 491, 503, 547, 548, 551, Se 51155 1115115, 9516555115351,
556, 596-599, 618, 619, 627- Η511551,856551535151,35555655.
333: ffissssgffffl: ξὲὲζ {23¹ 1511121ῗοί553, 1115555151 5551511155, 704,
’ἓὲῃῗᾷξῑὲῇθὲξᾟὸῗρζέῗῖἓᾶ ῗὸῗζ Ρ515115555111, by 1 1156155515 5151,

mmfflwmm-Mmm

114,122,128, 133, 1331331311, Ρ5155151115, 55 Ρ551155111.

141, 146-148, 153, 155, 160,161, Ρο515151155, 6511135555 ·- west-Prem-
163, 170, 172-175, 177, 180, 555 1551515111 michael, 691, 730,
186-191, 197, 20], 202, 249, 264, 743.
3331379139313931994531913331 Pommern (2551515515), 1151113ᾱό515 1
66 439719353666666666 6311916261 3168353146
601, 602, 627, 628, 722, 737- 333, 333, 333, 3315333333131

739, 756. 651, 731, 756, 757.
--, 5551 1511, 3515515155. 7, 1213, 13,, nv ,3, 45193,

171 56, 641 661 3971821871 1361 285 25 331 332.
ωωωωωωω,ήώὼώῷ
174, 176, 1731331137139513331 -, Sophle 11551113, 55156511131555

9331 3331 265, 2⁶62 9152771983 af, enka 511516511131115511155·
3361 3991 2931 319, 3331 3291 3331 ng ss Pommemfitflttfn, 166
33719931 93413331 339, 354, 355, -, 6511131135 hauet 1, 86, 67.

362, 363, 367, 368, 374, 375, 380, -, pomam, 337, 539, 533,

ῗξέ 313343,3Ξ(3)1,3943123931ἓ,171741331 {E ,11155 111515155551515, Sinde·
{432³ 4ξέ’2491311139319469953930ζῇ’ Ρ551111511, 55 1151651515 11511151.
613ζ624,’ 670,’ 688,’707, 71οζ 155 (151 ΡοοΙ, 55 von der Pahlen.
722, 731, 737, 739, 753, 764. Ρ5111515, 55551 11151555, Qum 155,
,555111 1, 472, 620, 692. 155151 5111 115151531515, ,
,655551 1, 384. 1615151155, 55 Βο15511151155.
,651151 1, 199, 582, 711. 15555 (25555515), 551 51 Ρ51511,67.
,1555155351 (5511111151) 1, 263, 264, Ρ551151115 1115551115 (3551351115 Bos·
-‚ 66651515151151 1, 472, 692. {m 66,ι 766.11311118 ‘Olkuppbfflef
, 1115553 (1551511151) 1, 33, 54, 66, Ρ5515, Ν111Κ5515555,55 51 5551515551
3331313 131313 113113,631321111 ¹ ''⁰¹‘¹¹
276, 285, 287, 288, 291, 310, 324, Pomm, ort 1 Lithauen uydvest 551
351, 354, 366, 381, 383, 390, 418, 311555, 146, 147, 168, 204.
419, 433, 439, 440, 463, 490, 539, Ρ5155111 (Ρ5651511, Ρ51ο111511, Pomm,
552, 629, 640, 641, 643, 644, 669, 11115155 (1), polsk 51151515, 391, 490.
691, 692, 694, 701, 711, 720, 727, 606, 614.
· 728, 731, 737, 739, 758, 759. 215511, by 35 05551351 1151551, 55551
,14551 1, 33-35, 711, 81, 82, 96, 551 1155513, 677.
97-108, 112, 113, 128, 133, 143, Ρ15115151511511 9151135, 673, 675.
147, 201, 202, 295, 292, 324, Ρ15551511,65513,11116153, 575.
379ψ381,597-599, 620. -. 6555655115 Anna, 575.

 

