XV

816.

186. 1111 113111111011611 1 8018131611111011001. 818113619111111617 487.
181. 1111 81013811811111,11111111111 11 81116118113. 818113 (11811110

1617 .................................................................................... 486.

m. 11118011136110111 16011. 818111361711111 1817 ..................... 489.

188. 1111 1111111111 1111711611. 818113119111111817 ..................... 494.

184. 11811601111111118113. 8181136. 8611110 1817 ........................ 484.

188. 1111 11861111 8811318113. 8181136. 86 11111 1817 ...................... 498.

181. 1111 1111611111 8811318113. 8181136.81110101817 ...................... 499.
187. 1111 11111113 17031111,801318011111111011618811308113. 818113

d. 81 11111 1617 .................................................................... 861.

188. 1111111111 10111111 1111118101. 8181131181 111111 1817 .............. 861. ,

188. 1111 (11013778811111, 1111111111 11811161181113. 8181136. 81 11110
1817 .................................................................................... 868.
196. 1111 (11013 1711811111,111111111111810161181113. 818113 6. 81 11111
1617 ...................................................................................... 867.
191. 813661811118111131180111101111611. 8181136. 1 April 1817 ...... 868.
191. 1111 (11013 8118111111111111111 1181116118113. 8181113 6. 1 April
1817 .................................................................................... 868.

, 198. 8136608111181831111308011. 8181136. 4 April 1617 .................. 818.

114 881 (11161 1111110101 (6116101011), 801311118181113. 818113 dl.
1111111111 ........................................................................... 811.
188. 111180111361011186011.111111181136.811111111817 ............... 818.
1881111 11111111 11111311. 8181136. 18 April 1817 ........................... 817.
187. 11111]111181111118.1011 81811111. 818113618111111 1817 817.
188. For 81111 8011116118),8111111118311111. 11181136. 18111111 1817 818.
198. 1111186111111111118113. 8181136. 18 Aprll 1817 ........................ 818.
166. 1111011181111. 818113618131111817 .................................. 819.
861. 8818108160081111, 81111010181111111. 8181136. 16811111 1817 ...... 816.
161. 881 ,10811 6113111081, 8013310111, 008 81611111111111311, 1861111,
111180131101818113. 8181136168111111617 ...................... 811.
861. 1111 Hans von (11180181. 81811136.11111111 1817 ...................... 811.
164. 111111611181111101 111111811016. 81811131118111111817 ......... 818.
868. 1111 1111111133, 8101111118111111. 818113 6. 18 April 1617 ............ 818.
168. 1111 6011110111 1 8111118113. 818113 6. 18 April 1617 ................. 814.
867. 1111 1111611111 8811308113. 1118113 d. 18113111 1817 ...................... 818.
168. 1111 Lm (111881,11111111111. 8181136. 18111111] 1817 ...... , ......... 817.
861. Til! domnoleni 8181113. 8181113 (1. 86 Aprll 1617 ........................ 818.
819. 111180111361111186011. 1118113 6. 1 Mai 1817 ........................ 818.
811. 1111 11111 11116110 111118311081101111. 818113 6. 11111 1817 881.
811. 881 Hans och 801113 80131, 8013111 1 8181113. 8181113 d. 1 Mai
1617 ................................................................................... 881.
118. 11118011138111111116011. 8181136. 4 Mai 1617 ........................ 884.
814. 1111116111811100018811181816. 818113 6. 1 81]· 1817 ............. 846.
118. 1111 Nile 8111111081816,11111101. 818113 6. 16 81]· 1817 ................ 841.
118. 1111 116111 11111118113. 113111 116 1001101161 6. 181111 1817 841.
817. 1111 118111 81181, 81111111. 818113 d. 18 Mai 1817 ...................... 841.
818. 181 81131 mensumn, 3111111181 1818113, Jacob 8061111111, 801116,
008 Phlllp 816111, 10110101111. 1118113 6. 191111 1817 ............. . 848.

 

