793

433, 440, 4404584110, 463, 471, 1070 11070007. 0701107070169.
475477· ⁴⁸⁶· 48ξῖ 49²2 493, 107000000117111070007, 7071071077·
701-707-0113,171117, 7110511, 511, son, Per huson.
ἥξω ὁδὸ-539’-7553’ 583³ 170000 11017007, 7701707710 01000010010-
588 591’351’6ὁ2’696’653’689’ 707 Lars 110170 7 87 sh'l
717710707730710714. ,68 ⁸⁰ ‘¹¹⁸ 101112
11710ίο00070, 17070770770770 1, 364, m, ⁴ '
730ο 1071700007, 1107171, 0071707070 1110770,
Se 01707 Klein och 1100707. ⁰3²·
-,1707007070007 1, 495, 497, 576, 1007101777 (1000071077), 071 7171 1177771
7107. 7071110170 11110771, 475.
-, 17707070, 17070070 1 (110οἰ07707· 1070717770, 7107770070»,770711710770
tani), 334, 440, 737, 769. 710107 01 Η17707007777077, 516.
-,1077117100 1, 00 17007007, 0107· 1077, 101707, 17700701701710770,764.
derna 1. 1077, Elin, 1 11010771, 707 0117 77071
-, 707101, 70770107 1, 389, 497, 501, 11071 1000177000 18707711 0017 7101107
527, 018. 7111 11071077 Ηο07007 Lux, 700.
Se 01707 motta, 1077070117· 10007710, 107007, 11717070 1 Ρ70707077,
007, 11077101, 80777011701, Sinde· 546.
177771. 10017017 1 10770777, 070171700171701017077
1167ἱο00070, 010071070071110071110771017 110 10 0077110, 366, 437.
707 1010107007οε 00710 1107οε17070, 1000707, 00 8070017771.
007101100771. Leljonhufvud, 117077, 070170 7111117700·
100100007007 7150007, [1071000070οτ 17070, 760.
110110. 1700011700707707 1111 1107107- Le'd 107 ombud 7171 1077070117007,
17070, 349. 449, 153, 181, 1113191196, 190201,
Κ117170, 1111170177 (11077170, 1100100), 303-005, 019, 362, 370-372, 378,
317ῗὶ423ῗ 143ε1ῗ4331ψψηω Μ’ 1032007333, 40330177 71710007οῐ7187 347,
1111717017ου7, 00 0771707000. 395.
1107170071071, hy 00 11110 11077107, 766. 100707, Η1ο17, 00170107070 1 11117107·
Κ6007170777 1117717101, 1701707107κὰ 1 berg, 428, 737, 738.
1107770717,15, 18, 24. 10071111. 100170, 10117071 d. v. 0. 7107770717 =
von Κο7107110 1110717177), 101707 1710· 7770770717 111, 7171 1100701017, 435.
7171017. 01707010171117771 1 770701 100110 (1007101, Alexander, 01707070,
7107701, m, 530. 1077770700771 00 Ρ11100 1636-1627,
mmmffiffimfflm
710 La 110770, wilhelm 11017071, 01· 586, 660, 720, 762, 111, 7115, 707-770.
70771010οη017110007,116,140,168. 10770707711, 11070001070, 070170 7111
Labe, 7010170. 1007770, 00171 07071070107, 07717071
10710100, by 00 87070 11077107, 099. 077 1071707010 77071 7700017οτ00 1626,
107117 1701717070, 00710 0017 by i Ρ7000· 1511, 3111, aet-363, 365, 368-3711,
sen, 717. 777, 777, 374-070, Ι777, ,770-3811,
1010, 71071 1 0077160770 11110771, 7070 474, 598.
1101107710 07070118. 100070, 10070, 071 1 11001·Ρ70770000,
107717, 17011007 70017177, major 7171 Up· 70771007 om Thorn, 1111176710 1107·
lande 7000770710, 659. 0001007 10070007011, 371, 374.
10700007017110071 17070007, 411. 100711, de 10777, 00 1110717011.
1070701010οη 1 87071 0, 0070777170 00 1107707077,70111017 1101770707,
000100001071077, 073. 11017707, 11017071, 070170, 00707707 1
10701700011107710001,107070000107· 17110771, 077117170ηά0 1 1681070111·
717070, 70717777 1 17117170, 521, 766. 1117710170 700717107717077777107107, 301.
1707007101717, by 00 1177771007 11077107, 1101707701, 7001 ’01707710 1707 11071077·
07700107 771711 07701107 Haupt 0017 17070, 408.
1117001707, 596. 110170017ου (11001077, 1017017077), by
107117 , Ηο771017, 70071077077111170- vester 0777 1111701700, 595, 606, 633.
701, 315. 1100710711, stad o. 07711 1100117000707,
10000077070177, se 1000107771. 07717071 om 1107700111, 464.
10001777711100077071707,10000777070171, 1100000, 1100077, by 00 81070 11077107,
1000071001. 77070177 1077101700. 78, 771717 077701 1117001707, 377, 770.
173, 219, 241, 398. -, 1110701 7171, Dat-ort, 378.

 

