XX

8111.
470. 101 Hans 1111010, 0011110 1 111τί010111. 11011111. 74 1101. 1677 704.
476. 1011001111Ηο11,111011 111111110111111110. 11101110.741101,1677 704.
477. 1111 10101011111001 1 001011010111011101. 11011111.751101.1677 704.
478. 11111001181161,01101110. 1110111 (1. 76 1100. 1677 ..................... 706.
479. 111100111111110 000 110 1 11111111. 1110111 (1. 761101. 1677 .......... 706.
480. 1111 (1010111111101101 1111100111. 110111 (1. 761101. 1677 ............... 707.
481. 111110101010011111011101. 1101111761101. 1677 ..................... 709.
487. 1610011111 111001,001111101 110111. 1110111 (1. 76 1101. 1677 710.
488. 1111 Andrean von Kreyzon. 110111 (1. 76 1101. 1677 ..................... 711.
184. 1111 (10111101001 zu 11111111, 11100110, 11111111 101101110111. m-
0111 (1. 781101. 1677 ............................................................. 717.
480. 11111001181101. 1101110.791101.1677 .................................... 718.
186. 11101 1111101110, 1011 111001 1111 poleka 1111001101. 11011111. 79
Nov. 1877 ............................................................................. 718.
487. 111111110111101. 11101111791101. 1677 .................................. 714.
488. 11110011101111000111101 0011110111. 1110111 d. 79 1101. 1677 710.
489. 11111111111101. 11011111. 791101. 1677 .................................. 715.
490. 1111 Auden 11111101 111ωο111111, 111011110111111116111. 111-
0111 (1. 80 0101. 1677 .............................................................. 716.
491. 101· 100101 1111111 1101101111. 110111 (1. 801101. 1877. .................... 717.
497. 1111 1111101 1111111. 110111 (1. 7 Dee. 1677 ................................. 718.
498. 101 Peter 01111111, 11010010111111 1011 0011 renident 11111111.
110111 (1. 7 0001677. ............................................................ 770,

494. 1111 0010111111101111 1111000111. 1110111 (1. 717) Deos 1677 770.
490. 1111 Simon 111 1101111011. 11101111 d. 71111100. 1677 ................... 777.
196. 1011110111 1010101111001 1001111101101110111110). 1110111 (1.

4 1100. 1077. .............................. ι .......................................... 778.

497. 10111100101111011111111111 0111010111. 110111 (1. 01100. 1677... 774.
498. 1111 8111111111 0011 (1011110111111 0111111111. 11011111.01)10.1677775.
490. 1111 Andreas von Kreyzen. 1110111 (1. 01110. 1677. ....................... 770.
600. 1111 Hans von (1011101111. 110111 (1. 6 Dec. 1677 ........................ 776.
001. 1111 111011010111111110101011110111. 1110111 (1. 7 Dee. 1677 777.
007. ’11111111111011010011(11111111. 1110111 d. 7 1100. 1677 ................. 780.
000. 1111 0101110010111101010011. 1110111111. 7 Dec. 1677 .................. 787.
004. 1111 Hans 111101, 1111010110 118111110011. 1110111 (1811001677 788.
500. 10111111111101. 11011118 0001077 .................................... 784.
006. 11111101011101 Kreyzen. 110111 (1. 91100. 1677 ........................ 780.
007. 1111 N. N. 1116111011. 110111 (1. 9 Dec. 1677 ........................... 787.
508. 1111 (101011111110111111100011. 1110111 (1. 10 Dec. 1677 .............. 788.
009. 1111110011111110011. 11101110. 10 1100. 1677 ............................. 740.
010. 1111 11011οο10 1001111101, 11110110 8111111. 1110111 (1. 11 Dec. 1677.. 741.
511.’ 1111 elaea 1110110ον018101101101111101. 1110111 (1. 11 Dec. 1677 741.
017. 1111 11011110111011 11111 11011101. 110111 (1. 171100. 1677........... 747.
018. 1111 1111110110 ph »(11οΡ01101011110001000». 11101110.171100.1677 748.
014, 1111111111111110011111011111001. 11101110. 171100. 1677......... 744.
010. 111111011111 1111111101. 11101111 (1. 171110. 1677 ............................ 710.
016. 111111010100111111011110011»10100101001101101 11101111. 181110.
1677 ...................................................................................... 710,

 

