354

111111 vi 1111111 111 111111111 111111111111111111111111 111
1111111111, 111 1111111111 11111111111 &syn med godh order 111
1 1131111 igen.

171111 {liger 1111111 111811 1111 1111111111,111111111111
lugd 11111 Wiseln 111 pst Store 1111111, pfl ded vi 11111111111
11111 111 tillfemingh. Och 1111111181, 111Η. K. 111111111111
111111 111111 1111111 1111111 111 1111111111 911111 11111Μ111,
om dedh 11111111, 11111111111111311111, sigh 11311 11511 111111.
11111111111 11 1111111 med 150 1111111111, 111 111111 borger-
11111111 sig 111 1111 1111111311 111111111111111131111111811
111 Ρ1111111,

11111111 1111 1111 11111111111111111111111111,1111111111
111111] 1111 8000 1111, 111 1111 1111111113 iun 1111 1111111, 111111,
1111111 111 1111111, 1111 111111 1111111111 11111111111111
1111; 11111 1111 11111 111111 111111111111111111111111111111,
111 tager 111 11111. Med 1111111111111111111 1111111111
liigne‚ 1111 med mycket och 8111. [11111111111111111111111-
ligen, 11 111 11 1111 1111811311 11111 811 111111 ihoop med
honom, 1111111 1111 111111, 111 111 111111111111111111111
1111 1111 1111.

Vi 11111 11111 111 11111 (1111, 111111111111 1111111111
lugat, och 11111 11 1111111111 1111111111 11111111111111111, 11
111 om 1111 1111111111 11 1111 111 Η. Κ. 11111111111111 1111-
11111, 1111 fuller 1111 11111 11111111111111111111, 11111111 11
11 1111 Ρ11111111 1111, 11111111113111,111 vi 1111 1111111111·
1111111, 111111 1111111111 1131111111111111111 11111111111111 monte
i Ρ11111 1111111111, 111 111 111111111111 11111311, 1111 11111
11111 1111111111, 11 lange vi holle Dantzigk och Wixlen stingd;
och 1111 11111111 11111111 11111 lauded och 111111 11111111 1111111,
(1111111 11 Turn 11 111 1111111111111 1113 111111 11311111111
1111 Elbingeu3 111 111 1111111111 118111, 11 Η. 111111111111811111
1111 11111111.

I 111111 11111 1111 111111111111111, 11 11111111111111 111
medh Kongen 11111111, och 11111111111, 111111 111111 1111111
ρ1 111 1111111111 dagar, 11 frampt 111 11111 11111111111111111
bringa tillhopa. Dedh 111111 nu i 01111.1111111111111111111131
1 111111, 1111111 11111 1111111 1111111111 1111111111 nye consilia.
I 111111 monte vij sij 1111, huru vij 11111111111111111111,1111
mot 1111111111 111111 11 11 1111111 1111111111,1111 vi 1111111111111,
och 111 vij brytha 1111111 (11111111111111111111 destinata, 11
111111 1111111, 111 11 ju genom (11111111 1111111111111111.

 

