809

81611116 60166616166,666111166 66 601- 11116611 1666666661 1 1161166·
1166616 16666666666 66116161616 661 pfl 16116161666 111661, 666
86661166, 759. 1633, 617.

81616, 066161, 60116161 1166111, 538. 8116111166, 11166661, 661. 106 81101666,

81666661, 3166111, 1666616666 606 6611616161611681116 6616661616·
066161 16611, 6666161116 61161616, 66111066101616166106, 301.

1116116, 116116, 530. 81166166666661666, »661161111116 66·

8161116, 6166 1 Ρο1661116, 71, 73, 93, 666666», 610, 617.

397, 434, 436, 437, 471, 573, 599, 81166661 1161166011), 6116616 grund-
759. 116661 16616161616, 6161666 661166·
81166101, 66 81116166. 66111166 161 transportet 1601661116
8116166661616, 11111616661616116616· 61161 1 110661 161 611661 66601,
3331136333 13333 1311131
, , , 606 6 6,
112, 661,’701Ῑ-708, 713, 719} 8666166161666666611616606.
737-739, 731, 733, 759. 811616, 11666 006 Ρ1161,(»81111161611),
-, 6661 666116, 1161611666 8166161· 11166616611166161, »16616616161 1
6611, 739. 1661611161, 639, 640.

s. St. 161166 661616, 116 Elbhgss,⁸ 11113126, 8111111166, 66 811616.

ἶ. 8166160116, 30, 51, 57, 84,

8111616166, 1166 1 8161116, 1111611616

130, 134, 136, 157, 158,194,330, 166, 330.

335, 336, 305, 308, 315, 330, 334, 1161611, 3305331.

343, 344, 346, 347, 351, 376, 383, 8116166611, Per (16666666606, 6011616

ἐξ, 439, 450, 451, 493, 558, 631, ἓὲἒ 111666166111661 1 1661611161,

. ,6.11.

Dotem, 1-3, 33-103, 309- 811616161166116111166.

319, 331-344. 816611, 1106111, 610111,11111666 1116 ·
6011616 1116, 418. 1666 116116116110161 1116161, 13.
-, 61661166 1, 359. 816661 1316611661), 6166111661-11661666,

81011), 810116, 61661 81616110661616, 61161 66161 016 1116166661, 383,

516, 731. 391, 440, 648, 111, 735, 739, 741,

3 816111, Β61111, 1661661161» pfl 81016 754, 755.

11161661, 122. 111 1166616666110161. -, 6011616 1, 735.
8101166611 (1816666611), 161161 vid -‚ 6666 0611666, 151, 489, 700, 726,
116161 i 816666661611. 66 1 prov. 755, 765, 767, 769.
1161160161, 407. 8166666016, »666 8161666666 601111,
81611, 616661 166166 1 10161 111661, 61111666666,6616816661,455.
433, 514. 8161166611, 66 8101116666.

-,10161616116161166,731. 81116166 1811661011), by 11 06661161
8101 Polou, 66 Ρ6166. Werder, 6011616 06111666, 766.
3? 811616666186661616), 6166 1 16666616, 81161661666661, »1611661611,1 16161-

397. 6616, 119, 140, 141, 165, 163170,
strasburg, 6166 006 116 1 66616 61166 176, 179, 194, 365, 311, 433, 451, 514,
61 161116 11666666,1116666666 16666 533, 533, 573, 580, 585, 586, 603, 609,

111Μωω. ffiffimfflmfflm
Ι, 8116666111, Paul, 6166116116 6166611 8116116166 18161116, 66 8161116.

601116 066 61666666 till 8166666111- - 1 61166666, 66 61166666.

3 166, 759. - Polou, 66 Polou.

sm· 166 8116666611, Abel, 661166 1116 866111601661, 66 8061611666661161,
4, 8166666611661111Ρ1666666,715. 866661616161 161 161661666666 61161
4¹3ss 81161111 106 6616661616 (8111111, 8116611), 1616666 1616666116161 1666 Pelen,
¹ 1666111161611616161616661111661, 108, 110, 173-175,183-193,196-

116
inl

, 16 , 61116166 1 11616 1638, 1633 amman, 376-378, 381, 433, 433,

1113

116 66 vid Η616616161616 1 April 198, 300-306, 308, 361-363, 365,
166616116116661, 393-395, 403, 407, 496-191,761-766.

³*ss 11.1,6]6,118-531,109,711 866166 18111011, 81161011), 611 ί

’“’,’ζ 11116 606061 661 6111166 1166111661666, 66661 016 01166666,

ff, 8116111 106 661161161610666, 1637 61· 516, 530.

asts

16161616116661 1 8116666661161 86661666616,668666116661666
111661 066106116666661116166161, Snndbyholm‚ gods 1866661 166, 01161·
6666116616 61161 1111166116661 1 1161616161166,1111611616116,195.

 

