760

11. Fbrteckning 11111 bref 1111 Axel 0111111111 1111111111
Juli 1626-April 1627.

161111111111. 11111111.
1111 11111111 11111111 11111 111111111.
1. 1111 111 111111 11111111111 vzne 111111 (111111111111 1111111111
1. 1111 111 (111111 Η111, 1111111111.

11 Julius ,1111
1. Till 1111111111 om 1111 1111111111111111111111111111111,1111111
111111111111111111111 11 1111 herrat 0111111111, 111 1111111111111
*1. 1111 0111111111 om 1111111 111 11111 111 11111111111111111111·
1111111 111111, 111111, 11111111 och 1111111111. ²)
1. 1111 1111111111 81111111111111, 111 111 1111 111111 11111111111111111

11111 1111111.
11. ¹)

111 1111 1111111 11111111, 111 1111111111, 111 1111111111, 1111111111 111

1111 1111111. w

1. (1111111 (1111111111 8111111, 11111111 111111111111111111,1111111111111

111111111111 11111 111111. 28

1. (1111111 11111 11111111 111111111111111111111111111111111111. 011
111111 111111111111 11111 11111111111, 1111 111 111111111111.
1. (1111111 111111 11111111 11111111111111111111 11 1111 111111, 1111111.
Aut 11111 1111111111 1111 11111111111. ι)

11.
1. 'sill (111111 811111 111111, 11111 11111111, 111 1111111111111111111
111111111111111111111, och 1111111111111111111 111 1 Augusti.
1. 1111 111111111111 1 Η1111111111, 111111111111111111111111111111·
1111 1111 111111111111111,
19.
1111 111111111111 (111111 Jacob, 111111 11111111111111111111111111
och 11111111 11111111 11111 1111111111111111111111 1111111) 1111 11111111.

80.
1. 1111 1111111111111 111111 1111111111, 11 11111111111111111111 1111111111
11111111 1111 siju 111111111111.
1. 1111111111 tin 111111111111, 111 111111 111111,111111]111111111111111
Lars (11111111.
1. 111111111111 11111 111 henne 11 111111 1111111111111111111111111
11111111. (1111111111.)
11.
Pa vtne 111 Tota 111111 1111 111111111 11111111,11111111 1111110111
11111111 11111111111Η. Mat. 111.

..----

²) De med ⁸ 11111111111111111111 111 111 11111111 11111 1111.

²) I 1111111111111 111 1111111111 namn och 111111111111111111 11111111
111111 Η11 1111111 11 1111111111 11111 1111111111111111111111111111111

³) 11111 1111111111 1111111111 1 11.

 

