11111 116011101, 11 Trans„ 42, 44-47, 51-53, 56, 61-64, 68,

- 6111101, 1601111 1 6101160110, 81, 91, 99, 94, 95, 197, 1991911615,

1060111011 16116 von 601 Linde, 156-164, 161, 116, 993-995, 397,
mmm, 746 314-318, 339, 469, 470.

- ἓέἔ11101101011101),11010 111, Effiggffisssaextgffie Evangelme,
11110111119 9191111919111
1111116 11660100, 1111111111το 11601 7061011151176610401131118111011611

011166111101110111011,701. 19-21, 26, 28, 31, 32, 36-40,
1111101116 (161110016611011, 11101100· 44-47, 61-63, 6641961-66,

01101171111111110,611100111111 66’113 79, 13, 74, 76, 61-66,
1 71011101, 0116611060 601 001· 99-96,197“136,156,106,159-
111 60101, 1101 161111011111 164166116169996991993,

11601011111011160011011101101, , 994, 997, 999, 000, 807, 315-
1111111060 110 51 116011 1111 316, 396-996, 331-936, 459,
1101101111 60101 11 7111060 1116, 469471, 509-604,569, 699, 736·

· - 1011 ion 0, 110, , , iv,
11111111, .11...·...;ἑ1ε1 ’1101 ,1111 ,113, 11,.

mammfflfflffl, fflffifflffl„
432, 437, 477, 478, 553, 556, 559, 711· ,110161101111 6011100601.

566, 567, 585, 691, 709, 735, 747- Emt (111011, 7001101, 1101111), 611106
749. 1111 111111 11116011101111161, ut·

- 6011 administrator, 10 0111111111. 461191 714 selburg, 916, 961), 949,
-, ,1011 6006000110, 749. 943, 475.

· Ennea, 11011 o. 0061 1166106, 111101

011 1101011, 244, 251, 271, 277, 279. Faber, mk krigm, 408.

7111011111, 6611111106 (1111111, 1111 Ηο1- 10171101016010, 001116, 1011111111ἰο
1011100, (6101101101, 71011 110101, 1 11011116, 10600 1111111116
76101101101, 7111101101), 61101110· och 1111116, 343, 392.

16111111 1 110111 111111, 162711011- -,1)10111011, 6011111110 11010110·
1101611104 170111611,116,123,124, 610110110 11161101, 11611 601·
140, 168, 392, ,191-395, 443, 445, 11111111111111111110111,1115214,
. fflmffimmmm mmmmmfflm
, 111111, 1110061, 6010110 0. 16011111 5111, 511, 581, 581, 592, 595595,
· 1116100151, 0116616111111101011 608, 618, 624, 113, 119, 595, 712.
-,171011,111016,6010110171611011), 7161016010, 110001 1110111 1111111,
767. 768.

-, 1111011, burgate 1 Wormdit 01101 7601006010, by i 71011101, 011711·
1101111101, 521. 60111), 650.

-,101111 6. 6. 0011 6. 1.,60101101 7111, Zacharias 6111011101, 110111
170111611621, 688. 1011111111ῆο 1 711111, 589.

’1 1111191060, 61011, 1111770111611688. 71110111, 71110000, 011 1 71011110
2.- Eschenkrug. by 1 Danzlger Werder, 011001111170101110111110600, 01·

vid 170106101 11001 106011 111001, 00111116111101110111101601110,
692. 354, 367, 374, 378, 380, 441.

f. 7101611011, 11 1101611161. -, 1611101116 7.,1101,·011,361-363,
‘ 101111101,.110110611,011010101110111 365-376.

110111, 420, 7111, 763, 768. 7161110111110, 1 3111611 , 215.
’” 11111106,,11110111>,117,122123188, -, 1 110111, 215, 216, 1.

, 190, 230, 238, 304, 381, 382, 620, 70110510 710111.
“’ 627, 666. 7001, Jacob, 1 1111111110111 116111,
ἡ. -, 6011 6010111110 1711101011, 621. 576.
ἦ, -,1110100101 1,10 0011011610, 70011001, ,106111161.6110111011),10110·
>”ζ 701110. 101110, 10611 110111 101160111010-
³ 711001, 299, 338, 472. 11111, 150. 669, 622.

. 6110006111 1616116, 10016111160 11 70161110611,10110111100.

11 011 11111611, (60 1111601610, ,001101 7111, 7101101, 10 von 710101,
= . 6111111, 1016106 mot 110101 01101- 7101116, 1101101110166110, 113, 188-

1110), 4, 11, 13, 14, 26, 31, 37, 41, 190, 257, 306, 309, 336, 341, 346

 

