668

448. Ι11111 Hans 1101101, statuum ps 3110000013.
01011311. 11 011 1101.

0111 1131111οι 161 111 011 1 111100011οι3 1011011131, mod 110101 0111 16110111
11101011 ej 101110 1111 1 de 1111110100 11111, 01011 1111113110 1111 011 61101·
1ὃ110 1111 8101130.

11101111 0111311001 1111 01011 1110 11118 011111 0011 1111111611100110 1111101
har 11011101010110.

1101111031οι1. 1611. οΗ[01]0 111000 1101101, 116111318011110111001100 wohl·
10101110οι00 81111111101 101 Brtunnnberga

444. will Gabriel (1011010000 01100110101. 11111103 (1111011111.

Δ. 0. hoppen, 111 1110110111 001 1100 110111111000110110100111111111001101111111101
1100110300 0011 1111111 1100111111ος 1100001011ὄ100001110100 1 1101010111·
101; 100113011111 1100 0100011100; flere 11101001011110111101 11100101111
1110111301 1 1111101111 Ρο10110 01101101 110111100 1001301111111011, 111011
1011011300 3011010 0101101011 11111 110111111 och 11111110101101011111113010
1011011110110 16111111101111 8101130 11ι 111011 1110111111. 11111010100111·
111011 3101110 0001310300 11103001001101, 0101111011111. 0. 011 11111 rid·
1113 111011110111300, 11113010 1001111131]οι 01161110 000111110, som 011010
0111111 det 1 111010110110 111111, 0010 tor det 1110110011 de 0001111100 311111
111 1111 1111 101111 offra 1111; 1111111111οι 11111110 111 bari 0111101111, 111 111
1111001100 10001 0301 31111101. (10111 1110111111, om ej 011111131111016110,
111 3011010 0111111310110001 11103100110111110, 00111 001611111111111111
11011 11111011, 1111 11111113 11011, 1111101001 1010 300000011111101101111101
111011 110110 1111001101 0311 11131 61101 0111 0111110010001131 10110000 uf
freden 01110 Α. 0. 1110ιο 11111111. 11111111 11101111011100311111110111011·
01111, 1111111 1031110 813101110οᾱ hopp 111 11111010 111181011300110110,
1010 111οι0 11101 nu 0111110, 110110111101111111 11013111110111111110111
bade 0111000001 kroppens 1111110011 101011311100101111161100; 1000113001
och 0111011οτ010 01111, 11111 161 013, 111 1010 11110010101111113110101,
11110 1111111031 01011 01101111111111 1101111111 01301; 0110103 1111 101110·
0111110110 11 0001111111 111111111111 00131010011011011111131101 11011110 11111010
0111101 med nya skepp 111 111 111111 0010101011 100, 01111111 110 1110011
11100 011011 01111111 81011300 1111110111 00 01111 010111101031111110, 1111
61101 1111; 110 1101131 10111101031111110113100111ὀ111ὁ110,0111111111010
1111 privilegiet, och (1000111010 borde 1111 011111031011110 0136111001·
010311· 01101 11101, 00 1610111300110101111111111010030011010,1]10100
1141110 010010110011131 1010001101. 11101113 1111 1111, 1001011101101101101
111 1110111131 3611 0111 000101111111111111010 131111 110110111ομ
meddolas 1110010100 1111130 100110ῐό1101.

Vfilborne 111110 Broder.
Hvadh 0010 11111 111 denne sijdhen 0001101100 (1110111111010-
11ρο111, ded 1111101 min Broder somptt aff mine 1111111111301111130

 

