616.
96. 11110111 01111161 0311616116116. 1131111161111116.916161. 1696 194.
96. 1111 16111 Chr. 1116116111. 1613111116 111116 6. 96 Sept. 1696 ......... 196.
97. 1111 christophor 1116111, 1111113611 1111611166 1161161. 1113111116 111·
tau 6. 996161. 1696 ............................................................... 196.
96. 111116111061116111111. 11131 d. 19 011. 1696 ........................... 960.
99. 111111111061.1116111111. 61316160111696 ......................... 966.
166. 1111616611111611161111111111. 11131 616011. 1696 .................... 904.
161. Tin 11111 Chr. 1116116111. 111316. 91 011. 1696 ............................. 966.
169. 161661110111611,661311611111111131. 11131 6. 94 011. 1696 ......... 967.
Β11. 1611113 till 1111161161 1111111161 1113116111.
109. 1111 16111061. 1116116111. 111316. 60 011. 1696 ............................ 911.
104. 161611 tvenne 16611111111111111116611. 111316. 61161. 1696 919.
166. 1111 1611106161611111. 111316. 61161. 1696 .............................. 916.
106. 1111 Κ. 011111 16611. 111316. 6 1161. 1696. .................................. 914.
107. 111166111613111,1111166. 111316. 6 1161. 1696 ........................... 917.
166. 11111111113111611111Κ611166. 111316.61161.1696 .................... 919.
109. 161 01613 061111 11111111 von 1111111116. 111316. 9 1161. 1696,...... 919.
110. 1111 1166116 1611661316, 131611111116113. 111316.161161.1696..990.
111. 111116611613111. 111316.161161.1696 .................................... 991.
119. 111111111111616. 111366.161161.1696 .................................... 999.
116. 1111 Jonas 11611661,11111111111. 111316. 10 Nov. 1696 ................... 999.
111. 1111166101161161111. 111316.161161.1696 ............................... 996.
116. 1111 Κ. (161111 16611. 111316.111161.1696 ................................. 997.
116. 111111111131111611111 Κ611116. 111316.191161.1696 .................. 999.
117. 1111Κ. 06111166611. 111316.161161.1696 ................................. 999.
116. 1111 Κ. (161111 66611. 111316.161161.1696 ................................. 966.
119. 1611161611616611,16611161161Η11616113. 111316141161. 1696961.
196. 11111111113111611111 Κ611166. 111316. 161161. 1696 .................. 969.
191. 1111 Κ. 061111 16611. 1161111116. 911161. 1696 ................ ’. ........... 966.
199. 11111111· och 11166116616. 6161111116. 961161. 1696 ................. 966,
199. 1111 1111113 1116111 11 Κ611166. Wolmar 6. 97 1161. 1696............. 967.
194. 1111 Κ. 061111 16611. 116111116971161. 1696 ............................. 966.
196. 1111 Κ. 06111166611, Wolmar (1. 96 Nov. 1625...... ...................... 969.
196. 1111 Κ. 0611111661. 1116116116. 1 Dec. 1696 „ ............................ 916.
197. 1111611311111111 116131. 1161111116. 1 Dec. 1696 ........................... 941.
196. Til] Κ. 0611111661. Wolmar d. 9 Dec. 1696 .............................. 949.

611. 116616611611611163.

199. 1111 06116116 1711111131, 1161161111 1 11131. 1161111116. 9 Deo. 1696.. 947.
196. 1111 Κ. 0611111661. Wolmnr 6. 6 Dec. 1696 .............................. 946.
161. 1111 Κ. 06111166611. Wolmar 6. 6 Deo. 1696. .............................. 966.

611. 11611161611611163.
169. 111111. (16116166611. Wolmar d. 6 Dec. 1696 .............................. 961.

Β11. Ρ16616611116311611163.
166. 1111 Κ. Gustu! 16611. Wolmar 6. 11 Dec. 1696 ............................. 967.
164. 1111 Κ. 061161 16611. Wolmar d. 191116. 1696 ............................. 969.
166. 1111 Κ. (16111116611. 1161111116. 11011. 1696 ............................ 960.
196. 1111 Κ. 1161111 16611. 1176111116. 141111. 1696 ............................ 966.

 

